AAL,2014,0.06816446781158447,0.3587490916252136
AAL,2015,0.6500227451324463,-0.009771645069122314
AAL,2016,-0.1322280764579773,0.4360012114048004
AAL,2017,0.2575887441635132,0.21114246547222137
AAPL,2014,-0.29201555252075195,0.13355274498462677
AAPL,2015,-0.270450234413147,0.5492196679115295
AAPL,2016,-0.1878974437713623,0.24685640633106232
AAPL,2017,0.3178377151489258,0.1137167364358902
AAP,2014,0.15943484008312225,-0.24250179529190063
AAP,2015,-0.27842605113983154,-0.729238748550415
AAP,2016,0.3405325710773468,-0.17164075374603271
AAP,2017,-0.4320840835571289,-0.5801029801368713
ABBV,2014,-0.14214110374450684,0.13022476434707642
ABBV,2015,0.4296407997608185,-0.26907336711883545
ABBV,2016,1.0685245990753174,0.4143236577510834
ABBV,2017,-0.38558948040008545,0.36530202627182007
ABC,2014,-0.513107180595398,0.566041886806488
ABC,2015,0.6625379323959351,0.07398667931556702
ABC,2016,0.4182882010936737,-0.11735278367996216
ABC,2017,-0.3572043180465698,-0.1709710955619812
ABT,2014,0.06410811841487885,0.6448652148246765
ABT,2015,-0.4074549078941345,0.7212188839912415
ABT,2016,-0.05217939615249634,-0.1921534538269043
ABT,2017,-0.23150372505187988,0.5625824332237244
ACN,2014,0.3347340524196625,0.019561853259801865
ACN,2015,0.3275238573551178,0.6589052081108093
ACN,2016,-0.2293837070465088,0.2600734829902649
ACN,2017,0.33104270696640015,0.3349810242652893
ADBE,2014,-0.01850426197052002,-0.07335764169692993
ADBE,2015,-0.26555854082107544,-0.2831078767776489
ADBE,2016,-0.10469204187393188,-0.1354588270187378
ADBE,2017,-0.037102580070495605,-0.4211387038230896
ADI,2014,0.36182263493537903,0.13192062079906464
ADI,2015,0.3547060787677765,-0.23072195053100586
ADI,2016,-0.3994457721710205,-0.42851054668426514
ADI,2017,0.13374410569667816,0.14453139901161194
ADM,2014,0.14225457608699799,0.5754187703132629
ADM,2015,0.2726423740386963,0.9797535538673401
ADM,2016,0.07577428221702576,0.8862076997756958
ADM,2017,0.14375606179237366,0.024661054834723473
ADP,2014,0.4096374213695526,0.7800706028938293
ADP,2015,-0.5503460168838501,0.7706453800201416
ADP,2016,0.24157722294330597,0.435774564743042
ADP,2017,-0.3826625347137451,-0.42186570167541504
ADSK,2014,-0.37491297721862793,-0.4532792568206787
ADSK,2015,-0.18428397178649902,-0.2057281732559204
ADSK,2016,-0.034210264682769775,-0.256228506565094
ADSK,2017,0.337915301322937,-0.46304917335510254
ADS,2014,0.17293688654899597,0.18258439004421234
ADS,2015,-0.19145417213439941,0.2572828233242035
ADS,2016,-0.09284603595733643,-0.24920868873596191
ADS,2017,-0.18398517370224,-0.07673972845077515
AEE,2014,0.024922538548707962,0.6525218486785889
AEE,2015,0.0471990741789341,0.7564088702201843
AEE,2016,0.1807583123445511,0.5903223752975464
AEE,2017,0.33850380778312683,0.6834012866020203
AEP,2014,-0.4333435297012329,1.0510292053222656
AEP,2015,-0.18236958980560303,1.1852850914001465
AEP,2016,0.22162304818630219,1.2341639995574951
AEP,2017,-0.18904423713684082,1.1232426166534424
AES,2014,0.11344896256923676,1.008171558380127
AES,2015,-0.03361713886260986,0.2608322501182556
AES,2016,0.29256385564804077,1.0470670461654663
AES,2017,-0.2982185482978821,0.1963910013437271
AET,2014,-0.14277178049087524,0.413901150226593
AET,2015,-0.48286938667297363,-0.07521986961364746
AET,2016,-0.4841765761375427,0.11916393041610718
AET,2017,0.8628532290458679,0.2325262427330017
AFL,2014,0.03811471536755562,0.7587493062019348
AFL,2015,-0.1588205099105835,0.588630199432373
AFL,2016,0.15743501484394073,0.8839533925056458
AFL,2017,-0.016863882541656494,0.576255738735199
AGN,2014,0.4018537104129791,-0.20536410808563232
AGN,2015,-0.14688313007354736,-0.08201056718826294
AGN,2016,0.27150627970695496,0.2503218352794647
AGN,2017,0.2918655276298523,0.13090643286705017
AIG,2014,-0.31564152240753174,0.36725449562072754
AIG,2015,-0.2497234344482422,0.12569139897823334
AIG,2016,-0.47043704986572266,0.3431246280670166
AIG,2017,0.5401151776313782,0.43868497014045715
AIV,2014,-0.05626553297042847,0.4730706810951233
AIV,2015,0.23412136733531952,0.28145766258239746
AIV,2016,0.06981495022773743,0.762471079826355
AIV,2017,0.04877277836203575,0.41911911964416504
AIZ,2014,0.495620459318161,0.45658057928085327
AIZ,2015,-0.008275210857391357,0.15577083826065063
AIZ,2016,0.5668494701385498,0.10071446001529694
AIZ,2017,0.37426137924194336,0.17479179799556732
AJG,2014,0.5092388987541199,0.10265235602855682
AJG,2015,-0.009325087070465088,0.009456134401261806
AJG,2016,0.05231022462248802,-0.4908640384674072
AJG,2017,0.3713427782058716,0.12169110774993896
AKAM,2014,0.3468654155731201,-0.280403733253479
AKAM,2015,-0.25461041927337646,-0.45749616622924805
AKAM,2016,-0.20744019746780396,-0.682773232460022
AKAM,2017,-0.020925581455230713,-0.7166748046875
ALB,2014,-0.7787652015686035,0.046653490513563156
ALB,2015,0.4258534610271454,-0.40931612253189087
ALB,2016,0.5684158802032471,0.15203183889389038
ALB,2017,-0.08956301212310791,-0.04978311061859131
ALGN,2014,0.7332460880279541,-0.2720683217048645
ALGN,2015,-0.0554235577583313,-0.5274783372879028
ALGN,2016,0.5682156682014465,-0.03377842903137207
ALGN,2017,0.8302215337753296,-0.5096154808998108
ALK,2014,-0.572657585144043,0.5776691436767578
ALK,2015,-0.2412503957748413,0.5694360136985779
ALK,2016,0.47067466378211975,0.4392613172531128
ALK,2017,0.29754552245140076,0.6013796925544739
ALLE,2014,-0.15901196002960205,0.10163970291614532
ALLE,2015,0.31306013464927673,0.13764357566833496
ALLE,2016,0.02491040900349617,0.15380287170410156
ALLE,2017,0.40006640553474426,-0.07044839859008789
ALL,2014,-0.3481353521347046,0.5944108366966248
ALL,2015,-0.48552650213241577,0.0639471560716629
ALL,2016,0.508124828338623,0.9049994349479675
ALL,2017,-0.1915300488471985,0.7393097877502441
ALXN,2014,0.12510110437870026,0.15694546699523926
ALXN,2015,0.15758465230464935,0.500133216381073
ALXN,2016,0.8352524638175964,0.12045086920261383
ALXN,2017,0.21750600636005402,-0.16504061222076416
AMAT,2014,-0.04903465509414673,0.4091131091117859
AMAT,2015,0.11860962212085724,0.35792288184165955
AMAT,2016,-0.34449976682662964,-0.0767364501953125
AMAT,2017,0.3679766058921814,0.489382266998291
AMD,2014,-0.2645303010940552,-0.3371213674545288
AMD,2015,0.32633933424949646,-0.3162558078765869
AMD,2016,-0.2730758786201477,-0.39127713441848755
AMD,2017,0.11520089209079742,-0.22731781005859375
AME,2014,-0.16782599687576294,-0.06920254230499268
AME,2015,-0.22059392929077148,0.6541433930397034
AME,2016,0.0728103518486023,-0.035256922245025635
AME,2017,-0.1413898468017578,-0.07330608367919922
AMGN,2014,-0.04259026050567627,0.32904934883117676
AMGN,2015,-0.11966556310653687,0.8949597477912903
AMGN,2016,0.05606648698449135,0.6785927414894104
AMGN,2017,0.5691629648208618,0.25247931480407715
AMG,2014,0.19904257357120514,-0.06249213218688965
AMG,2015,0.2602240741252899,0.6142833828926086
AMG,2016,-0.0010378360748291016,0.3116520047187805
AMG,2017,0.346122682094574,0.6104611754417419
AMP,2014,0.33342501521110535,1.1180315017700195
AMP,2015,0.06969045102596283,0.8247506022453308
AMP,2016,0.7111808061599731,0.08776727318763733
AMP,2017,0.05990934744477272,0.3998945355415344
AMT,2014,0.573371946811676,0.7884432673454285
AMT,2015,-0.2896934747695923,0.3250214457511902
AMT,2016,0.23342294991016388,0.8919460773468018
AMT,2017,-0.2260534167289734,0.32884547114372253
AMZN,2014,-0.1619318723678589,-0.3312176465988159
AMZN,2015,-0.29785144329071045,-0.46405214071273804
AMZN,2016,0.19343110918998718,0.23866532742977142
AMZN,2017,0.27247530221939087,-0.2100697159767151
ANDV,2014,0.013173822313547134,0.3496454358100891
ANDV,2015,0.41283881664276123,1.0116477012634277
ANDV,2016,0.2653842866420746,0.8457896113395691
ANDV,2017,0.6702688336372375,0.525469183921814
ANSS,2014,0.4000476598739624,0.5184157490730286
ANSS,2015,0.09698307514190674,0.6273805499076843
ANSS,2016,-0.09309673309326172,-0.30434131622314453
ANSS,2017,0.14128781855106354,-0.46705567836761475
ANTM,2014,-0.2475382685661316,0.36171191930770874
ANTM,2015,0.255367636680603,0.5272800922393799
ANTM,2016,0.2447943240404129,0.5567976236343384
ANTM,2017,0.004345279186964035,0.45210015773773193
AON,2014,0.04747400060296059,0.6202857494354248
AON,2015,0.36439430713653564,0.38089466094970703
AON,2016,-0.02356898784637451,0.38939225673675537
AON,2017,-0.21254074573516846,0.7802944779396057
AOS,2014,0.5091567039489746,-0.01631826162338257
AOS,2015,0.09361293911933899,-0.295795738697052
AOS,2016,0.28542447090148926,0.08005808293819427
AOS,2017,-0.7233211994171143,-0.3257519006729126
APA,2014,-0.19997012615203857,0.8833276629447937
APA,2015,0.2450389415025711,0.9847914576530457
APA,2016,-0.5441919565200806,0.37215492129325867
APA,2017,-0.05209165811538696,0.05397414788603783
APC,2014,0.28843727707862854,0.38295406103134155
APC,2015,0.1969001144170761,0.39481619000434875
APC,2016,-0.5925902724266052,-0.013790905475616455
APC,2017,-0.29993242025375366,0.38912686705589294
APD,2014,-0.3079729676246643,-0.18224525451660156
APD,2015,0.42970576882362366,0.02597350999712944
APD,2016,-0.31447064876556396,-0.3972979187965393
APD,2017,0.05205931141972542,0.13113482296466827
APH,2014,-0.291856586933136,0.011380907148122787
APH,2015,0.46704694628715515,-0.08275699615478516
APH,2016,0.3351059854030609,0.5311260223388672
APH,2017,0.4453372359275818,0.38285189867019653
ARE,2014,0.22753389179706573,0.7120754718780518
ARE,2015,0.12309792637825012,0.40192604064941406
ARE,2016,-0.6060145497322083,-0.11468631029129028
ARE,2017,0.10682937502861023,-0.22956836223602295
ARNC,2014,-0.03854668140411377,0.10335935652256012
ARNC,2015,-0.08052152395248413,-0.01014101505279541
ARNC,2016,0.13262523710727692,-0.061145782470703125
ARNC,2017,0.482165664434433,-0.3706076145172119
ATVI,2014,0.43163469433784485,-0.09608161449432373
ATVI,2015,-0.3659372329711914,-0.7006626129150391
ATVI,2016,-0.26566195487976074,-0.23370927572250366
ATVI,2017,0.6077964305877686,-0.21237897872924805
AVB,2014,-0.22327160835266113,0.25555548071861267
AVB,2015,-0.038456499576568604,0.6639995574951172
AVB,2016,-0.42514854669570923,0.7435385584831238
AVB,2017,0.19279435276985168,0.9697582125663757
AVGO,2014,0.31791332364082336,-0.37802404165267944
AVGO,2015,0.7605844736099243,-0.2530999183654785
AVGO,2016,0.09882499277591705,-0.07485306262969971
AVGO,2017,0.3247781991958618,-0.01363217830657959
AVY,2014,-0.26165473461151123,0.6142084002494812
AVY,2015,0.20200768113136292,0.7297176718711853
AVY,2016,0.4801882207393646,0.05426284298300743
AVY,2017,0.1568562388420105,0.23286549746990204
AWK,2014,-0.26495206356048584,1.0143659114837646
AWK,2015,-0.10066813230514526,0.878655731678009
AWK,2016,0.8089489936828613,0.2775207757949829
AWK,2017,-0.14489078521728516,0.5951198935508728
AXP,2014,0.4221144914627075,0.5196834206581116
AXP,2015,-0.09658443927764893,-0.2228800654411316
AXP,2016,0.7155715227127075,-0.159257709980011
AXP,2017,0.05253133550286293,0.5646576285362244
AYI,2014,-0.10519826412200928,-0.7390959858894348
AYI,2015,0.5745182633399963,0.0910530835390091
AYI,2016,1.0564640760421753,-0.19276106357574463
AYI,2017,0.643441915512085,-0.49772435426712036
AZO,2014,-0.414783775806427,0.003115784376859665
AZO,2015,-0.460050106048584,0.5840146541595459
AZO,2016,-0.5417916774749756,0.555643618106842
AZO,2017,0.2585048973560333,-0.4259810447692871
A,2014,0.11597055196762085,-0.009252846240997314
A,2015,0.12849034368991852,0.20236676931381226
A,2016,0.1651086062192917,0.3634541630744934
A,2017,-0.16580837965011597,-0.14105474948883057
BAC,2014,0.2702580392360687,0.33588480949401855
BAC,2015,-0.2550863027572632,0.8784387707710266
BAC,2016,0.3303447961807251,0.47269174456596375
BAC,2017,0.7317267060279846,0.9742823839187622
BAX,2014,0.33843308687210083,0.057920943945646286
BAX,2015,-0.6248589754104614,-0.2420564889907837
BAX,2016,-0.3389938473701477,0.14633150398731232
BAX,2017,0.3491847813129425,0.6545359492301941
BA,2014,0.02629539743065834,0.24556584656238556
BA,2015,0.16722139716148376,0.23376472294330597
BA,2016,0.6319823265075684,0.026187386363744736
BA,2017,-0.37533360719680786,0.18543387949466705
BBT,2014,-0.143654465675354,0.45581144094467163
BBT,2015,-0.24909508228302002,0.8861653208732605
BBT,2016,0.11435215175151825,0.7199562788009644
BBT,2017,0.3383159935474396,0.9265462756156921
BBY,2014,0.09823475778102875,-0.5916247963905334
BBY,2015,0.0717119425535202,-0.492858350276947
BBY,2016,-0.27010971307754517,-0.588985025882721
BBY,2017,-0.1470392346382141,-0.631610631942749
BDX,2014,0.00518474355340004,0.5132272839546204
BDX,2015,-0.34440672397613525,0.8436345458030701
BDX,2016,-0.48505640029907227,0.40144163370132446
BDX,2017,0.21238304674625397,0.5205050110816956
BEN,2014,-0.11440306901931763,0.7481697201728821
BEN,2015,-0.010336518287658691,0.1057424247264862
BEN,2016,0.16507036983966827,0.7140105962753296
BEN,2017,-0.7196045517921448,0.2532278299331665
BF.B,2014,0.125662699341774,0.47627002000808716
BF.B,2015,-0.746938943862915,0.012978177517652512
BF.B,2016,-0.4784691333770752,0.17505045235157013
BF.B,2017,-0.23591965436935425,-0.2983715534210205
BIIB,2014,0.0182165689766407,-0.11750364303588867
BIIB,2015,-0.2572314739227295,-0.47596246004104614
BIIB,2016,-0.33244985342025757,-0.26386570930480957
BIIB,2017,0.19204939901828766,0.36842435598373413
BK,2014,0.15560001134872437,0.6910310387611389
BK,2015,-0.014876842498779297,0.9118050932884216
BK,2016,-0.22383207082748413,0.6746289134025574
BK,2017,-0.06555432081222534,0.7352535128593445
BLK,2014,0.03765261545777321,0.767261803150177
BLK,2015,0.09680792689323425,0.8899435997009277
BLK,2016,0.07951140403747559,0.835430383682251
BLK,2017,-0.3084142804145813,0.7901636958122253
BLL,2014,0.3714609742164612,0.6549261808395386
BLL,2015,0.2832050621509552,0.3901246190071106
BLL,2016,-0.2453218698501587,-0.029099881649017334
BLL,2017,0.5818201899528503,0.356143593788147
BMY,2014,0.6617866158485413,0.18481504917144775
BMY,2015,0.2661588788032532,0.07125261425971985
BMY,2016,-0.5763665437698364,-0.3413732647895813
BMY,2017,0.025966893881559372,-0.10386741161346436
BRK.B,2014,-0.426172137260437,0.5366151928901672
BRK.B,2015,-0.6177148222923279,0.579319953918457
BRK.B,2016,-0.4063785672187805,0.3539876937866211
BRK.B,2017,-0.4320986866950989,0.6832409501075745
BSX,2014,-0.08015990257263184,0.18388228118419647
BSX,2015,0.4391953945159912,0.18288350105285645
BSX,2016,-0.025499939918518066,0.15628401935100555
BSX,2017,0.4531586468219757,-0.21826434135437012
BWA,2014,-0.42388731241226196,0.09782913327217102
BWA,2015,0.17716775834560394,-0.08743917942047119
BWA,2016,0.6278226971626282,0.30208829045295715
BWA,2017,-0.21504807472229004,0.5219874382019043
BXP,2014,-0.4081665873527527,1.268997073173523
BXP,2015,0.12219423055648804,0.5713083148002625
BXP,2016,0.3653765916824341,0.6097970604896545
BXP,2017,0.3799750804901123,1.187272071838379
CAG,2014,0.2866694927215576,-0.03845393657684326
CAG,2015,-0.15397822856903076,-0.06044822931289673
CAG,2016,-0.09337866306304932,-0.06797236204147339
CAG,2017,-0.04562819004058838,0.7681017518043518
CAH,2014,-0.3272041082382202,0.534643828868866
CAH,2015,-0.2461082935333252,0.31203991174697876
CAH,2016,0.14808155596256256,-0.12788021564483643
CAH,2017,-0.043846309185028076,-0.14237821102142334
CAT,2014,0.41144859790802,0.6729064583778381
CAT,2015,0.10412970185279846,0.00878037791699171
CAT,2016,-0.20143121480941772,0.6684277653694153
CAT,2017,0.0561014749109745,-0.32387852668762207
CA,2014,-0.24869227409362793,0.40959247946739197
CA,2015,0.09341028332710266,0.21230098605155945
CA,2016,0.09555129706859589,0.4112893342971802
CA,2017,-0.17092806100845337,-0.37065285444259644
CBG,2014,0.40321439504623413,0.5854139924049377
CBG,2015,0.11078447103500366,0.13111752271652222
CBG,2016,0.3114413321018219,0.0201776921749115
CBG,2017,0.7109957337379456,0.6164350509643555
CBOE,2014,-0.2711183428764343,0.5423552393913269
CBOE,2015,0.19347305595874786,0.8238508105278015
CBOE,2016,-0.6495846509933472,-0.016523540019989014
CBOE,2017,-0.23119592666625977,-0.5212305784225464
CBS,2014,-0.5628398656845093,-0.19761592149734497
CBS,2015,-0.06619888544082642,-0.1427849531173706
CBS,2016,-0.1899520754814148,0.37086591124534607
CBS,2017,0.27382493019104004,0.48343539237976074
CB,2014,-0.1942647099494934,0.7402560114860535
CB,2015,-0.5915961265563965,-0.19422632455825806
CB,2016,0.7676210403442383,0.9211605787277222
CB,2017,-0.5291446447372437,0.605643630027771
CCI,2014,0.32986146211624146,0.01884806528687477
CCI,2015,0.1032094657421112,0.6042596697807312
CCI,2016,0.19407494366168976,0.051264941692352295
CCI,2017,-0.688612699508667,-0.12037009000778198
CCL,2014,-0.390780508518219,-0.08189308643341064
CCL,2015,-0.12691664695739746,0.673066258430481
CCL,2016,0.019554708153009415,0.47022363543510437
CCL,2017,-0.49612557888031006,0.6228988766670227
CDNS,2014,-0.31126606464385986,0.009862367063760757
CDNS,2015,-0.1429559588432312,-0.3166578412055969
CDNS,2016,0.02064995840191841,0.07740339636802673
CDNS,2017,-0.36708885431289673,-0.6972372531890869
CELG,2014,0.5543607473373413,0.5432320237159729
CELG,2015,-0.4852793216705322,0.18017014861106873
CELG,2016,0.6338757276535034,0.48104196786880493
CELG,2017,0.774011492729187,0.40252816677093506
CERN,2014,0.30355802178382874,0.258442759513855
CERN,2015,-0.33628344535827637,-0.195881187915802
CERN,2016,-0.07187879085540771,-0.31584012508392334
CERN,2017,0.07846692204475403,-0.3083289861679077
CFG,2015,-0.3306007385253906,-0.6982828974723816
CFG,2016,0.814812421798706,-0.1168096661567688
CFG,2017,0.31023848056793213,0.6299312114715576
CF,2014,-0.5386978387832642,-0.0270463228225708
CF,2015,-0.5845884680747986,0.44643357396125793
CF,2016,-0.41342633962631226,0.03553223982453346
CF,2017,-0.09175187349319458,0.7577865719795227
CHD,2014,0.09191383421421051,0.4469063878059387
CHD,2015,-0.10069763660430908,0.37160468101501465
CHD,2016,1.1044236421585083,0.3056885004043579
CHD,2017,0.4222382605075836,0.6113736033439636
CHK,2014,0.6411964297294617,0.6643146276473999
CHK,2015,0.10270106792449951,0.21869492530822754
CHK,2016,0.5724543929100037,-0.2557523250579834
CHK,2017,0.29822614789009094,0.673299252986908
CHRW,2014,-0.21422064304351807,-0.26203352212905884
CHRW,2015,0.8502954840660095,-0.10902541875839233
CHRW,2016,-0.16645735502243042,0.21512961387634277
CHRW,2017,-0.3704986572265625,-0.07726311683654785
CHTR,2014,0.6280198097229004,-0.39036333560943604
CHTR,2015,0.4032626450061798,-0.08518141508102417
CHTR,2016,-0.6005671620368958,-0.5573974847793579
CHTR,2017,0.21910713613033295,-0.3125765919685364
CINF,2014,0.04995859041810036,0.03471618518233299
CINF,2015,-0.023435235023498535,0.30572572350502014
CINF,2016,0.10422326624393463,-0.01341700553894043
CINF,2017,0.0986870676279068,0.1757110208272934
CI,2014,-0.18393564224243164,0.2132774293422699
CI,2015,-0.2898014783859253,-0.22132480144500732
CI,2016,-0.3371710777282715,0.2822277545928955
CI,2017,0.2430121749639511,0.7400342226028442
CLX,2014,-0.6660171151161194,-0.16644591093063354
CLX,2015,-0.00047129392623901367,0.7103477120399475
CLX,2016,0.1652103215456009,0.5027784109115601
CLX,2017,0.4327983856201172,0.5630061030387878
CL,2014,0.018261615186929703,0.7692926526069641
CL,2015,-0.6106774806976318,0.4410463571548462
CL,2016,0.6144155263900757,0.4096513092517853
CL,2017,0.3812275826931,0.06374189257621765
CMA,2014,-0.09359657764434814,0.3920437693595886
CMA,2015,-0.10251486301422119,0.4420269727706909
CMA,2016,-0.36762022972106934,-0.017210423946380615
CMA,2017,0.40651947259902954,0.8943793773651123
CMCSA,2014,0.9902216196060181,0.41875430941581726
CMCSA,2015,-0.48529350757598877,-0.20116758346557617
CMCSA,2016,0.25087136030197144,0.9950085282325745
CMCSA,2017,-0.4015921950340271,0.2874533236026764
CME,2014,0.23100902140140533,0.6404263377189636
CME,2015,-0.3126618266105652,-0.020477890968322754
CME,2016,0.3598085045814514,0.3419451117515564
CME,2017,0.061415646225214005,0.9296790957450867
CMG,2014,-0.046901702880859375,-0.5529118776321411
CMG,2015,-0.01743847131729126,-0.5923981070518494
CMG,2016,-0.2687060832977295,-0.017816364765167236
CMG,2017,-0.01493537425994873,-0.5218758583068848
CMI,2014,-0.1345575451850891,0.4677974581718445
CMI,2015,0.5651072263717651,0.6045426726341248
CMI,2016,-0.3001199960708618,0.04752754047513008
CMI,2017,0.5395373702049255,0.6850811839103699
CMS,2014,-0.25362515449523926,1.076000690460205
CMS,2015,-0.25761377811431885,0.812082827091217
CMS,2016,0.013701248914003372,0.9589265584945679
CMS,2017,-0.2711007595062256,0.8121541142463684
CNC,2014,-0.3978322148323059,-0.5801132917404175
CNC,2015,-0.42853182554244995,-0.07947283983230591
CNC,2016,-0.1880636215209961,-0.648200511932373
CNC,2017,-0.0694812536239624,0.13346242904663086
CNP,2014,-0.189977765083313,0.2918440103530884
CNP,2015,0.3309469521045685,0.8707612752914429
CNP,2016,-0.5143335461616516,0.30893418192863464
CNP,2017,0.559291422367096,0.6919840574264526
COF,2014,0.11624418199062347,0.6432297825813293
COF,2015,-0.7184220552444458,0.31305205821990967
COF,2016,0.23120854794979095,0.15802355110645294
COF,2017,-0.4924095869064331,0.40266069769859314
COG,2014,0.03558986261487007,0.3400883078575134
COG,2015,-0.3393895626068115,0.4843566417694092
COG,2016,0.9229260683059692,0.3043678402900696
COG,2017,0.4741465747356415,0.5697444677352905
COL,2014,-0.5484069585800171,0.30146220326423645
COL,2015,-0.13064146041870117,0.3071509003639221
COL,2016,0.4408898651599884,-0.00019824504852294922
COL,2017,-0.5167452692985535,-0.27619844675064087
COO,2014,-0.09727740287780762,-0.11612290143966675
COO,2015,0.5217198133468628,-0.28804028034210205
COO,2016,-0.604990541934967,-0.48657524585723877
COO,2017,0.20967797935009003,0.1673363745212555
COP,2014,-0.02452331781387329,1.2151633501052856
COP,2015,0.030698556452989578,0.9469026923179626
COP,2016,0.209148570895195,0.761282742023468
COP,2017,0.403472363948822,0.9820672869682312
COST,2014,0.07111921906471252,0.44397175312042236
COST,2015,0.21559672057628632,0.05139259994029999
COST,2016,-0.4087691903114319,0.3400315046310425
COST,2017,0.5362051725387573,-0.34646469354629517
COTY,2014,0.030160415917634964,0.07384525239467621
COTY,2015,0.07470661401748657,-0.4788106679916382
COTY,2016,-0.44586384296417236,-0.6256653070449829
COTY,2017,-0.2486177682876587,-0.6072806715965271
CPB,2014,-0.06850183010101318,0.21281252801418304
CPB,2015,0.47076722979545593,0.6704418659210205
CPB,2016,-0.40727734565734863,0.015331398695707321
CPB,2017,-0.14042627811431885,-0.12478834390640259
CRM,2014,-0.3394697308540344,-0.22657132148742676
CRM,2015,0.2513880431652069,-0.34376299381256104
CRM,2016,-0.16790300607681274,-0.4208955764770508
CRM,2017,0.029047701507806778,0.047607485204935074
CSCO,2014,0.17625662684440613,0.36145058274269104
CSCO,2015,0.18426857888698578,0.5043855309486389
CSCO,2016,0.062248047441244125,0.5215325355529785
CSCO,2017,0.1485668122768402,0.26890140771865845
CSRA,2016,-0.03145807981491089,-0.2625049352645874
CSRA,2017,-0.07743608951568604,-0.4508160948753357
CSX,2014,0.7059455513954163,0.24382932484149933
CSX,2015,0.12136825919151306,0.7996694445610046
CSX,2016,-0.13115108013153076,0.03750143572688103
CSX,2017,0.24702797830104828,-0.5441887378692627
CTAS,2014,-0.3078107237815857,-0.2860124111175537
CTAS,2015,-0.4136994481086731,0.20093084871768951
CTAS,2016,-0.09253501892089844,-0.4237441420555115
CTAS,2017,-0.04716676473617554,-0.37764298915863037
CTL,2014,-0.6472818851470947,-0.43743330240249634
CTL,2015,0.17336393892765045,0.45330536365509033
CTL,2016,1.167995810508728,0.06676734983921051
CTL,2017,0.4891633689403534,-0.009865880012512207
CTSH,2014,-0.6752188801765442,-0.11782759428024292
CTSH,2015,-0.1972419023513794,0.24056482315063477
CTSH,2016,-0.6713441610336304,-0.30129581689834595
CTSH,2017,0.23818178474903107,0.09587804973125458
CTXS,2014,0.35211849212646484,-0.11036378145217896
CTXS,2015,0.07380510866641998,-0.093375563621521
CTXS,2016,0.02524488791823387,-0.18890482187271118
CTXS,2017,0.024111974984407425,0.014177992939949036
CVS,2014,-0.3874284029006958,0.49890655279159546
CVS,2015,-0.04800206422805786,0.15897421538829803
CVS,2016,0.23440571129322052,0.16853061318397522
CVS,2017,0.7396880984306335,0.278180330991745
CVX,2014,-0.21902978420257568,1.1051814556121826
CVX,2015,-0.23823106288909912,1.0644484758377075
CVX,2016,0.08714976906776428,1.0349053144454956
CVX,2017,0.4944458305835724,1.0233181715011597
CXO,2014,0.6828869581222534,0.4996797442436218
CXO,2015,0.690507709980011,0.12620402872562408
CXO,2016,-0.5042451620101929,-0.03360950946807861
CXO,2017,-0.5357730388641357,0.026388030499219894
C,2014,0.39968591928482056,0.3791331946849823
C,2015,-0.0571632981300354,0.8934274315834045
C,2016,0.3019837737083435,0.6875783801078796
C,2017,0.21158812940120697,0.9858803153038025
DAL,2014,-0.4413130283355713,0.35058844089508057
DAL,2015,-0.5425635576248169,0.6031792759895325
DAL,2016,0.328606516122818,0.7628042101860046
DAL,2017,-0.08290839195251465,0.7105041742324829
DE,2014,-0.22592073678970337,0.6304989457130432
DE,2015,-0.4781990647315979,-0.033787548542022705
DE,2016,-0.48759257793426514,-0.4636496901512146
DE,2017,-0.3055917024612427,-0.21918928623199463
DFS,2014,-0.09580665826797485,0.5605519413948059
DFS,2015,0.3567918539047241,0.3034999370574951
DFS,2016,0.31169775128364563,0.30100616812705994
DFS,2017,-0.21772831678390503,0.41639256477355957
DGX,2014,0.9637196063995361,0.3462992310523987
DGX,2015,0.0207982175052166,0.02805142104625702
DGX,2016,0.17931142449378967,0.7918172478675842
DGX,2017,-0.37921881675720215,-0.10305172204971313
DG,2014,-0.4084511399269104,-0.5201225280761719
DG,2015,-0.5629869103431702,0.1080716997385025
DG,2016,-0.5694156289100647,-0.40393781661987305
DG,2017,-0.17753314971923828,-0.19739067554473877
DHI,2014,-0.5586310625076294,0.05268177017569542
DHI,2015,0.8418530821800232,0.09237192571163177
DHI,2016,0.29192814230918884,0.9967198967933655
DHI,2017,-0.26892614364624023,0.07206417620182037
DHR,2014,-0.467914342880249,0.5757759213447571
DHR,2015,-0.26590365171432495,0.15100179612636566
DHR,2016,-0.5798162817955017,0.16905727982521057
DHR,2017,0.0004297792911529541,-0.027936339378356934
DISCA,2014,-0.6601415276527405,-0.10191631317138672
DISCA,2015,-0.05295330286026001,-0.20677822828292847
DISCA,2016,-0.08509397506713867,0.5149943232536316
DISCA,2017,-0.6020421981811523,-0.13702380657196045
DISCK,2014,-0.629183292388916,-0.35593581199645996
DISCK,2015,-0.3658509850502014,-0.05530202388763428
DISCK,2016,-0.17276978492736816,0.6691787838935852
DISCK,2017,-0.5136277675628662,-0.028443336486816406
DISH,2014,1.121308445930481,-0.11894500255584717
DISH,2015,0.5183554291725159,-0.0851219892501831
DISH,2016,-0.6004668474197388,-0.16079193353652954
DISH,2017,0.4853813946247101,-0.02383345365524292
DIS,2014,0.27165016531944275,0.3019222617149353
DIS,2015,-0.43244946002960205,-0.28227347135543823
DIS,2016,-0.1559278964996338,-0.00396806001663208
DIS,2017,-0.2756814956665039,0.18188390135765076
DLR,2014,0.021899957209825516,0.4654695987701416
DLR,2015,-0.51850426197052,-0.1234707236289978
DLR,2016,-0.16756713390350342,0.09902474284172058
DLR,2017,-0.5012897253036499,-0.3364979028701782
DLTR,2014,-0.5716915726661682,-0.477108359336853
DLTR,2015,-0.06047278642654419,-0.23734045028686523
DLTR,2016,-0.37265127897262573,-0.4875430464744568
DLTR,2017,-0.17876797914505005,-0.42089468240737915
DOV,2014,0.3519602119922638,0.4243912994861603
DOV,2015,-0.08456957340240479,0.3461931347846985
DOV,2016,-0.17833447456359863,0.5277655720710754
DOV,2017,0.0891440361738205,0.7597827315330505
DPS,2014,0.020116914063692093,0.5116428732872009
DPS,2015,-0.36959898471832275,0.5823134779930115
DPS,2016,0.47530457377433777,0.7909110188484192
DPS,2017,0.14668099582195282,0.4069507420063019
DRE,2014,-0.29003000259399414,0.7992873787879944
DRE,2015,0.2260490208864212,1.1020315885543823
DRE,2016,-0.5889043807983398,0.3024159073829651
DRE,2017,-0.6520981788635254,-0.45196664333343506
DRI,2014,0.34736859798431396,0.2990558445453644
DRI,2015,0.628792405128479,-0.1482607126235962
DRI,2016,0.03553100302815437,0.10464578866958618
DRI,2017,0.2556307911872864,-0.2471584677696228
DTE,2014,-0.2586093544960022,0.5447538495063782
DTE,2015,0.1942402869462967,1.072932481765747
DTE,2016,-0.4178358316421509,0.7468147873878479
DTE,2017,0.06042562797665596,1.030104637145996
DUK,2014,-0.42062103748321533,1.0954899787902832
DUK,2015,-0.07279497385025024,0.9088082909584045
DUK,2016,0.07022733986377716,0.9150959849357605
DUK,2017,-0.3527708053588867,0.7047364115715027
DVA,2014,-0.06968104839324951,-0.10552793741226196
DVA,2015,1.1238294839859009,0.10390672087669373
DVA,2016,-0.37811654806137085,0.08180567622184753
DVA,2017,-0.31523966789245605,-0.3566340208053589
DVN,2014,0.4915889799594879,0.7181435823440552
DVN,2015,-0.057104289531707764,0.8287017941474915
DVN,2016,0.7701455950737,0.5360220670700073
DVN,2017,0.4137742519378662,1.165461778640747
D,2014,-0.060518622398376465,0.6381674408912659
D,2015,-0.44562089443206787,0.9645411968231201
D,2016,-0.1424189805984497,0.45973771810531616
D,2017,-0.26829177141189575,0.3857167959213257
EA,2014,-0.03301119804382324,-0.20316863059997559
EA,2015,0.9661991596221924,0.14391738176345825
EA,2016,0.15598903596401215,-0.20006489753723145
EA,2017,-0.14146208763122559,-0.056852757930755615
EBAY,2014,-0.4844202399253845,-0.28529947996139526
EBAY,2015,-0.13620972633361816,0.24585692584514618
EBAY,2016,-0.17253732681274414,-0.24750179052352905
EBAY,2017,0.24332834780216217,0.09491036832332611
ECL,2014,0.6653560400009155,0.9010158181190491
ECL,2015,0.18783389031887054,0.44955378770828247
ECL,2016,0.17050285637378693,0.4063343107700348
ECL,2017,-0.04403269290924072,0.5727786421775818
ED,2014,-0.12393099069595337,0.5153927206993103
ED,2015,0.2489488571882248,0.5419647097587585
ED,2016,0.5134734511375427,0.7399540543556213
ED,2017,-0.2531557083129883,1.1172895431518555
EFX,2014,0.06734012067317963,0.4489505887031555
EFX,2015,-0.084369957447052,0.23256082832813263
EFX,2016,0.35422414541244507,0.10646887123584747
EFX,2017,-0.489294171333313,-0.450439989566803
EIX,2014,-0.03188908100128174,0.8308646082878113
EIX,2015,-0.029362201690673828,0.2263806015253067
EIX,2016,0.089790478348732,1.009361982345581
EIX,2017,0.32606571912765503,0.6081326603889465
EL,2014,-0.03127545118331909,-0.04628676176071167
EL,2015,-0.21736907958984375,-0.4264999032020569
EL,2016,-0.23569166660308838,0.15088661015033722
EL,2017,-0.15285110473632812,-0.20677530765533447
EMN,2014,-0.599246621131897,0.26669949293136597
EMN,2015,-0.509800136089325,0.5668257474899292
EMN,2016,0.19787751138210297,0.18340642750263214
EMN,2017,0.30133479833602905,0.7795888781547546
EMR,2014,-0.23225057125091553,0.8657236695289612
EMR,2015,0.058257196098566055,0.7128313183784485
EMR,2016,0.3118078410625458,0.442152738571167
EMR,2017,0.5641459226608276,0.3892418146133423
EOG,2014,0.02056865766644478,1.0644844770431519
EOG,2015,0.649924635887146,0.7103856801986694
EOG,2016,-0.413801908493042,0.7561914324760437
EOG,2017,-0.04286754131317139,1.002205729484558
EQIX,2014,-0.08888483047485352,0.4212902784347534
EQIX,2015,-0.22661173343658447,-0.48861825466156006
EQIX,2016,0.021967027336359024,0.32079800963401794
EQIX,2017,0.5889790654182434,0.22698627412319183
EQR,2014,-0.5234171152114868,0.5282882452011108
EQR,2015,-0.10079729557037354,1.0747501850128174
EQR,2016,-0.6981220245361328,0.6068348288536072
EQR,2017,0.018316108733415604,1.01088285446167
EQT,2014,-0.460071325302124,0.4191693365573883
EQT,2015,-0.11899459362030029,0.5338341593742371
EQT,2016,0.49842414259910583,-0.02161794900894165
EQT,2017,0.6985892653465271,0.10361665487289429
ESRX,2014,0.09092210233211517,0.06815020740032196
ESRX,2015,-0.1514216661453247,0.3529135584831238
ESRX,2016,-0.1994537115097046,-0.15297353267669678
ESRX,2017,0.18594619631767273,0.25505757331848145
ESS,2014,-0.08473539352416992,-0.009913921356201172
ESS,2015,0.16003267467021942,0.5467977523803711
ESS,2016,-0.39864373207092285,0.4816717505455017
ESS,2017,0.23682309687137604,0.8626009821891785
ES,2014,-0.3497893214225769,1.0421547889709473
ES,2015,-0.5345172882080078,0.3266749382019043
ES,2016,-0.35764986276626587,0.8009535670280457
ES,2017,-0.10060673952102661,0.8524637222290039
ETFC,2014,0.17476999759674072,0.28629130125045776
ETFC,2015,0.5155342221260071,0.13222284615039825
ETFC,2016,-0.11197555065155029,0.2484571486711502
ETFC,2017,0.2313789278268814,0.2610584795475006
ETN,2014,-0.45449739694595337,0.2322506159543991
ETN,2015,0.07606598734855652,0.5947481989860535
ETN,2016,0.28757598996162415,0.4803593158721924
ETN,2017,-0.05053657293319702,0.7811688780784607
ETR,2014,-0.30087077617645264,0.8415274024009705
ETR,2015,0.42184555530548096,0.6499117612838745
ETR,2016,0.29776135087013245,1.1153383255004883
ETR,2017,0.37955087423324585,1.0491018295288086
EVHC,2017,0.0013899095356464386,-0.6252477169036865
EW,2014,-0.4023858308792114,-0.37517398595809937
EW,2015,0.5538426041603088,0.5223023295402527
EW,2016,0.09421703219413757,-0.38673967123031616
EW,2017,0.6607234477996826,-0.3142681121826172
EXC,2014,0.37358054518699646,1.017140507698059
EXC,2015,-0.35338228940963745,0.5339975357055664
EXC,2016,0.04494883492588997,0.9190773963928223
EXC,2017,-0.5452519655227661,0.6972389817237854
EXPD,2014,0.05797887220978737,-0.20608794689178467
EXPD,2015,0.43263331055641174,-0.06332170963287354
EXPD,2016,0.03896217420697212,-0.02269989252090454
EXPD,2017,-0.12340831756591797,0.6991341710090637
EXPE,2014,-0.2652033567428589,-0.11116433143615723
EXPE,2015,-0.12149226665496826,-0.3520841598510742
EXPE,2016,0.005919028073549271,0.0528147928416729
EXPE,2017,0.19085969030857086,-0.22093653678894043
EXR,2014,0.08318634331226349,0.6334201693534851
EXR,2015,-0.3676300644874573,0.1818576604127884
EXR,2016,0.0007785223424434662,0.052450601011514664
EXR,2017,-0.2651677131652832,0.44999778270721436
FAST,2014,0.08259153366088867,-0.3272551894187927
FAST,2015,0.12318797409534454,0.11419644951820374
FAST,2016,0.21798069775104523,-0.14600586891174316
FAST,2017,-0.33537060022354126,-0.4529764652252197
FBHS,2014,0.14411041140556335,0.25624963641166687
FBHS,2015,-0.01503688097000122,-0.3938487768173218
FBHS,2016,0.5289831161499023,0.00747578963637352
FBHS,2017,-0.095694899559021,0.36547696590423584
FB,2014,-0.29250144958496094,0.24146755039691925
FB,2015,-0.13141393661499023,0.5022398233413696
FB,2016,-0.14067959785461426,-0.19141685962677002
FB,2017,-0.2709723114967346,-0.058715999126434326
FCX,2014,-0.0795641541481018,1.257171630859375
FCX,2015,0.014894519001245499,0.18007667362689972
FCX,2016,0.05813431367278099,0.6190677881240845
FCX,2017,-0.4196603298187256,0.1765929013490677
FDX,2014,-0.1449415683746338,0.23283863067626953
FDX,2015,-0.34346187114715576,0.1960015892982483
FDX,2016,0.09246578812599182,-0.20627504587173462
FDX,2017,-0.012381196022033691,0.030347440391778946
FE,2014,-0.23419594764709473,0.08147381246089935
FE,2015,0.030951563268899918,0.5816795229911804
FE,2016,0.523740291595459,0.8098426461219788
FE,2017,0.08686591684818268,0.594041109085083
FFIV,2014,-0.19275182485580444,-0.27290916442871094
FFIV,2015,0.4636542499065399,-0.43375682830810547
FFIV,2016,0.2959541380405426,-0.3359852433204651
FFIV,2017,-0.14771884679794312,-0.359319806098938
FISV,2014,0.13425710797309875,0.02275160513818264
FISV,2015,0.26218345761299133,0.14528560638427734
FISV,2016,-0.19229328632354736,0.08951115608215332
FISV,2017,-0.10420483350753784,0.2915878891944885
FIS,2014,0.15010417997837067,0.5719376802444458
FIS,2015,-0.14476466178894043,-0.37905532121658325
FIS,2016,-0.30665087699890137,-0.4368247985839844
FIS,2017,0.46334537863731384,0.31606394052505493
FITB,2014,-0.35781973600387573,0.2805832028388977
FITB,2015,0.05199449136853218,0.6086200475692749
FITB,2016,0.09796924889087677,0.7070532441139221
FITB,2017,0.11873835325241089,1.032175064086914
FLIR,2014,0.27085354924201965,0.04351375252008438
FLIR,2015,0.48362186551094055,0.1593102216720581
FLIR,2016,0.49726077914237976,0.09892317652702332
FLIR,2017,0.8041216731071472,-0.16203325986862183
FLR,2014,-0.07660132646560669,0.6822091937065125
FLR,2015,-0.32113218307495117,0.4545515775680542
FLR,2016,0.49637869000434875,-0.018253743648529053
FLR,2017,-0.4901975989341736,-0.08272796869277954
FLS,2014,0.18130995333194733,0.0302552692592144
FLS,2015,0.6196989417076111,0.32746708393096924
FLS,2016,-0.25052857398986816,0.20255088806152344
FLS,2017,-0.22397392988204956,-0.37450724840164185
FL,2014,0.08206762373447418,-0.07180875539779663
FL,2015,0.12092030048370361,-0.014284193515777588
FL,2016,-0.42926663160324097,-0.4147367477416992
FL,2017,-0.05539041757583618,-0.719619870185852
FMC,2014,0.10693158209323883,0.08403867483139038
FMC,2015,0.396435409784317,-0.3173369765281677
FMC,2016,-0.09474676847457886,-0.07031911611557007
FMC,2017,-0.13071447610855103,-0.2856389880180359
FOXA,2014,-0.6641936302185059,0.11252550780773163
FOXA,2015,-0.3756862282752991,-0.3321625590324402
FOXA,2016,-0.18374216556549072,-0.13574743270874023
FOXA,2017,0.34129735827445984,0.3299981355667114
FOX,2014,-0.4828643798828125,-0.42882823944091797
FOX,2015,-0.5092706680297852,-0.5942604541778564
FOX,2016,-0.12932777404785156,-0.10610967874526978
FOX,2017,-0.3101903200149536,-0.23019778728485107
FRT,2014,0.10970237851142883,0.898803174495697
FRT,2015,0.4127110242843628,0.788115918636322
FRT,2016,0.5026547908782959,0.40227651596069336
FRT,2017,-0.022614002227783203,0.1561165302991867
FTI,2014,0.12905065715312958,0.45970427989959717
FTI,2015,-0.21532803773880005,0.1869671493768692
FTI,2016,0.8253800272941589,0.6448677778244019
FTI,2017,0.19494614005088806,-0.13241416215896606
FTV,2017,0.4743576943874359,0.3379071354866028
F,2014,-0.44679009914398193,-0.020685434341430664
F,2015,0.057774413377046585,1.007874608039856
F,2016,-0.3657965660095215,0.15422587096691132
F,2017,0.14626947045326233,0.7594428658485413
GD,2014,0.6798980236053467,0.4392942488193512
GD,2015,-0.2055460810661316,0.500242292881012
GD,2016,0.28753772377967834,-0.020661115646362305
GD,2017,-0.3575289249420166,0.33536526560783386
GE,2014,0.21200664341449738,0.7857007384300232
GE,2015,0.1589764803647995,0.22374163568019867
GE,2016,0.23506559431552887,0.798407256603241
GE,2017,0.6028687357902527,0.11728797852993011
GGP,2014,-0.7011427879333496,0.09485320746898651
GGP,2015,-0.6088902354240417,0.7551520466804504
GGP,2016,0.35653674602508545,0.37647122144699097
GGP,2017,0.10520018637180328,-0.18666291236877441
GILD,2014,0.25920191407203674,0.06555505096912384
GILD,2015,0.2913089990615845,0.3446517884731293
GILD,2016,-0.358615517616272,-0.053671061992645264
GILD,2017,-0.020327329635620117,-0.23834025859832764
GIS,2014,-0.5992854833602905,0.3480999767780304
GIS,2015,-0.3322319984436035,0.6034823060035706
GIS,2016,0.2613036632537842,0.6195599436759949
GIS,2017,-0.028986811637878418,-0.21874570846557617
GLW,2014,-0.2610025405883789,-0.10422980785369873
GLW,2015,0.23636986315250397,0.6539068818092346
GLW,2016,-0.17760896682739258,0.2730517089366913
GLW,2017,0.3351042568683624,0.034605417400598526
GM,2014,-0.0900881290435791,0.28803586959838867
GM,2015,0.4332534968852997,0.32957983016967773
GM,2016,-0.0012479424476623535,0.38385945558547974
GM,2017,0.06039999797940254,0.4886039197444916
GOOGL,2014,-0.09464633464813232,0.3286939263343811
GOOGL,2015,-0.5278352499008179,-0.04473984241485596
GOOGL,2016,-0.058735430240631104,0.006755422800779343
GOOGL,2017,-0.1525477170944214,0.06536078453063965
GOOG,2014,-0.18126296997070312,0.6069923043251038
GOOG,2015,-0.44882166385650635,0.002678867429494858
GOOG,2016,0.030451398342847824,0.1998414844274521
GOOG,2017,-0.014682412147521973,0.13366778194904327
GPC,2014,-0.052439868450164795,0.5713275074958801
GPC,2015,0.4932917654514313,0.16240231692790985
GPC,2016,0.32489123940467834,0.2472943514585495
GPC,2017,-0.315926194190979,-0.02111583948135376
GPN,2014,0.2826261818408966,-0.23144888877868652
GPN,2015,0.19977177679538727,-0.3761242628097534
GPN,2016,0.3928588628768921,0.3591662347316742
GPN,2017,0.30458590388298035,0.49422580003738403
GPS,2014,0.13291913270950317,0.0720582902431488
GPS,2015,-0.5950942635536194,0.04334605857729912
GPS,2016,0.5314962863922119,-0.22335028648376465
GPS,2017,0.08114489912986755,-0.03626817464828491
GRMN,2014,-0.32642924785614014,-0.46364539861679077
GRMN,2015,-0.2737133502960205,-0.5673604011535645
GRMN,2016,-0.00665360689163208,-0.3278544545173645
GRMN,2017,0.37377214431762695,-0.18032681941986084
GS,2014,-0.0796709656715393,0.9897906184196472
GS,2015,-0.13614434003829956,0.6904761791229248
GS,2016,0.38119015097618103,0.6744186282157898
GS,2017,0.245022252202034,0.5165346264839172
GT,2014,0.1611553430557251,-0.19413113594055176
GT,2015,0.41315653920173645,0.14511118829250336
GT,2016,0.22476153075695038,0.21309737861156464
GT,2017,-0.5234866142272949,-0.28903234004974365
GWW,2014,0.7609148621559143,0.5576226711273193
GWW,2015,0.610693097114563,0.5873278975486755
GWW,2016,-0.35722362995147705,0.44976669549942017
GWW,2017,0.10047562420368195,-0.4452095627784729
HAL,2014,0.29558640718460083,0.508962094783783
HAL,2015,-0.564185619354248,0.6204636096954346
HAL,2016,0.27631935477256775,0.7985509037971497
HAL,2017,-0.17130857706069946,0.6272597312927246
HAS,2014,0.2778249680995941,-0.08540534973144531
HAS,2015,0.550017237663269,-0.382224440574646
HAS,2016,-0.4400908350944519,-0.4724099636077881
HAS,2017,0.2413097470998764,-0.6100329756736755
HBAN,2014,0.4899536073207855,0.3193588852882385
HBAN,2015,-0.054917216300964355,1.0880100727081299
HBAN,2016,-0.5368973016738892,-0.2723093032836914
HBAN,2017,-0.16486483812332153,0.6364685297012329
HBI,2014,-0.2531750798225403,-0.25987470149993896
HBI,2015,0.23400171101093292,-0.637376070022583
HBI,2016,0.08494198322296143,-0.37810152769088745
HBI,2017,0.3678310811519623,-0.22803962230682373
HCA,2014,-0.48381757736206055,-0.01389455795288086
HCA,2015,0.6780810356140137,-0.4176058769226074
HCA,2016,0.40304046869277954,0.5440815687179565
HCA,2017,0.40642663836479187,0.27982670068740845
HCN,2014,-0.715324878692627,0.002585839480161667
HCN,2015,0.20259329676628113,0.3207210898399353
HCN,2016,0.6603645086288452,0.6479651927947998
HCN,2017,0.2539524734020233,1.1067616939544678
HCP,2014,-0.36672836542129517,1.0314302444458008
HCP,2015,-0.2762141227722168,0.3887059688568115
HCP,2016,0.7792913317680359,0.17236383259296417
HCP,2017,-0.01140207052230835,0.2549116909503937
HD,2014,-0.38157719373703003,0.5051414370536804
HD,2015,-0.23922091722488403,0.6660036444664001
HD,2016,0.5292530655860901,0.8036880493164062
HD,2017,-0.42152655124664307,0.302931010723114
HES,2014,-0.22197258472442627,1.000693678855896
HES,2015,0.22887636721134186,0.9606453776359558
HES,2016,0.5633358955383301,-0.07537388801574707
HES,2017,0.5499463677406311,0.614989697933197
HIG,2014,-0.029960811138153076,0.5818673968315125
HIG,2015,-0.11210250854492188,-0.04796910285949707
HIG,2016,-0.6832970380783081,0.26983433961868286
HIG,2017,0.2765970528125763,0.3951931893825531
HII,2014,0.14057819545269012,0.6601620316505432
HII,2015,0.4219169318675995,-0.18779343366622925
HII,2016,0.32272523641586304,0.34229937195777893
HII,2017,0.6015872955322266,0.09041453897953033
HLT,2017,-0.003590881824493408,0.1592438668012619
HOG,2014,-0.34293413162231445,-0.2066023349761963
HOG,2015,0.6641972064971924,-0.2689605951309204
HOG,2016,-0.4092750549316406,-0.5696811676025391
HOG,2017,-0.47388845682144165,-0.49992960691452026
HOLX,2014,-0.12905138731002808,-0.3141549825668335
HOLX,2015,-0.32089394330978394,0.12287898361682892
HOLX,2016,0.549531102180481,-0.3227498531341553
HOLX,2017,-0.3299708366394043,-0.057612061500549316
HON,2014,0.15263956785202026,0.9706090092658997
HON,2015,0.26877596974372864,0.34691280126571655
HON,2016,-0.04399597644805908,0.04234583303332329
HON,2017,0.2551173269748688,0.9268551468849182
HPE,2016,-0.15155279636383057,0.1543683260679245
HPE,2017,0.18366879224777222,-0.16766268014907837
HPQ,2016,-0.2620430588722229,0.39135992527008057
HPQ,2017,0.15189722180366516,0.158518984913826
HP,2014,0.07050608098506927,0.345869243144989
HP,2015,0.3842204511165619,1.0566896200180054
HP,2016,-0.2542038559913635,0.40862324833869934
HP,2017,0.4804600775241852,0.1402387022972107
HRB,2014,0.32213327288627625,-0.19520127773284912
HRB,2015,0.06369981169700623,-0.12837105989456177
HRB,2016,-0.07528287172317505,-0.6899589896202087
HRB,2017,0.5442125797271729,-0.3076554536819458
HRL,2014,-0.24100863933563232,-0.17644476890563965
HRL,2015,0.10416719317436218,0.5151912569999695
HRL,2016,0.2788482904434204,0.36094653606414795
HRL,2017,-0.20193523168563843,-0.2968951463699341
HRS,2014,-0.20080667734146118,-0.20980769395828247
HRS,2015,0.41412553191185,-0.1519407033920288
HRS,2016,-0.20328468084335327,-0.07672631740570068
HRS,2017,0.4552168846130371,0.28355807065963745
HSIC,2014,0.7695804834365845,0.22281582653522491
HSIC,2015,0.13773395121097565,0.3016843795776367
HSIC,2016,-0.1350642442703247,-0.047200560569763184
HSIC,2017,-0.1094394326210022,-0.053301453590393066
HST,2014,0.010610584169626236,0.818166971206665
HST,2015,-0.2390357255935669,0.7968929409980774
HST,2016,0.3525375425815582,0.9203475713729858
HST,2017,-0.017490267753601074,0.35013145208358765
HSY,2014,-0.3975542187690735,0.23033592104911804
HSY,2015,0.8083250522613525,0.0888853371143341
HSY,2016,0.04670802131295204,-0.5114556550979614
HSY,2017,0.399199515581131,0.4374135434627533
HUM,2014,0.27951592206954956,-0.3232148289680481
HUM,2015,-0.40692174434661865,-0.5386888980865479
HUM,2016,-0.5264350175857544,-0.3301870822906494
HUM,2017,0.1359880417585373,0.2935353219509125
IBM,2014,0.041387889534235,0.40695899724960327
IBM,2015,-0.15750837326049805,0.19680629670619965
IBM,2016,0.09839533269405365,0.2022428959608078
IBM,2017,0.12031802535057068,-0.20241379737854004
ICE,2014,0.48214027285575867,0.5540527701377869
ICE,2015,0.47164425253868103,0.23833687603473663
ICE,2016,-0.24572139978408813,-0.036944806575775146
ICE,2017,0.25644731521606445,0.9237199425697327
IDXX,2014,0.03653107210993767,-0.09717094898223877
IDXX,2015,0.34792935848236084,-0.20027685165405273
IDXX,2016,-0.4507718086242676,-0.3237510919570923
IDXX,2017,0.7590547204017639,-0.2729954719543457
IFF,2014,-0.16679906845092773,0.5855770707130432
IFF,2015,0.08093255758285522,0.2826935052871704
IFF,2016,0.3049832284450531,-0.34225279092788696
IFF,2017,0.14567892253398895,0.0836406797170639
ILMN,2014,0.3614061176776886,0.043959442526102066
ILMN,2015,-0.05773723125457764,-0.41553568840026855
ILMN,2016,-0.3006419539451599,-0.5212855935096741
ILMN,2017,-0.3114880323410034,-0.3918076753616333
INCY,2014,0.3782547116279602,-0.08269506692886353
INCY,2015,0.22039265930652618,0.2472904473543167
INCY,2016,0.4765256941318512,-0.08174681663513184
INCY,2017,0.47946032881736755,-0.1390092372894287
INFO,2015,-0.07876598834991455,-0.24224084615707397
INFO,2016,-0.09070342779159546,-0.37261730432510376
INFO,2017,-0.12989962100982666,-0.1729068160057068
INTC,2014,-0.3357887268066406,-0.11132144927978516
INTC,2015,0.26844415068626404,0.3160753548145294
INTC,2016,-0.22014611959457397,0.23884426057338715
INTC,2017,0.4093230962753296,0.690524160861969
INTU,2014,-0.14838552474975586,0.06715793907642365
INTU,2015,-0.18831312656402588,-0.10762864351272583
INTU,2016,0.04689178988337517,0.11996126174926758
INTU,2017,0.6582625508308411,0.4203645586967468
IPG,2014,0.03185213729739189,0.3878440856933594
IPG,2015,0.02638101950287819,0.508454442024231
IPG,2016,-0.5945810079574585,0.1294078826904297
IPG,2017,-0.464765727519989,-0.1327667236328125
IP,2014,-0.7087339162826538,0.3302977979183197
IP,2015,0.07125043869018555,0.5058922171592712
IP,2016,0.019564073532819748,0.3630848228931427
IP,2017,-0.054801881313323975,0.07771329581737518
IQV,2014,1.0145379304885864,-0.25744080543518066
IQV,2015,-0.5056450366973877,-0.2000049352645874
IQV,2016,0.009894106537103653,-0.07476162910461426
IQV,2017,-0.6376848816871643,-0.43265026807785034
IRM,2014,0.004277724772691727,-0.603435754776001
IRM,2015,0.1714019477367401,0.17997008562088013
IRM,2016,-0.12912577390670776,0.09140746295452118
IRM,2017,-0.1346433162689209,-0.21200501918792725
IR,2014,0.35443317890167236,0.23594580590724945
IR,2015,-0.48350173234939575,0.561545193195343
IR,2016,-0.08685481548309326,0.30256032943725586
IR,2017,-0.27956831455230713,0.44003695249557495
ISRG,2014,-0.3919680714607239,-0.4746514558792114
ISRG,2015,-0.5534316301345825,0.2366267591714859
ISRG,2016,-0.516090989112854,0.18985331058502197
ISRG,2017,0.07454144954681396,-0.10600411891937256
ITW,2014,-0.10009586811065674,0.6427072286605835
ITW,2015,-0.1960967779159546,0.49582451581954956
ITW,2016,0.05274582281708717,0.7787147164344788
ITW,2017,0.05730574205517769,0.19271235167980194
IT,2014,0.3344384729862213,-0.1200372576713562
IT,2015,0.662132740020752,-0.11544668674468994
IT,2016,0.5627408027648926,0.31858959794044495
IT,2017,0.5006690621376038,-0.5096868276596069
IVZ,2014,0.14043927192687988,0.6953772902488708
IVZ,2015,-0.16213321685791016,0.8783791661262512
IVZ,2016,-0.30220240354537964,0.5330988168716431
IVZ,2017,-0.41826581954956055,0.9397919178009033
JBHT,2014,-0.07290571928024292,0.13037878274917603
JBHT,2015,0.5217816829681396,0.3544372618198395
JBHT,2016,0.011804275214672089,0.2121402621269226
JBHT,2017,0.019354019314050674,0.4505586624145508
JCI,2014,0.46986809372901917,0.3168286383152008
JCI,2015,0.1689610630273819,0.25569069385528564
JCI,2016,-0.2202000617980957,-0.43690526485443115
JCI,2017,-0.1680893898010254,0.08414459228515625
JEC,2014,0.32161155343055725,0.6444749236106873
JEC,2015,0.43458542227745056,0.7890621423721313
JEC,2016,0.7619915008544922,0.3321584463119507
JEC,2017,-0.08175069093704224,0.5435585379600525
JNJ,2014,0.12456901371479034,0.6272628903388977
JNJ,2015,-0.5447561740875244,0.711001455783844
JNJ,2016,0.11667557060718536,0.9932745099067688
JNJ,2017,-0.34168606996536255,0.6150907278060913
JNPR,2014,-0.47756850719451904,-0.3221701979637146
JNPR,2015,-0.53151535987854,-0.25621163845062256
JNPR,2016,0.5361421704292297,-0.16265881061553955
JNPR,2017,0.45194730162620544,-0.4405086040496826
JPM,2014,-0.14847397804260254,0.4937334358692169
JPM,2015,-0.09275484085083008,0.7276635766029358
JPM,2016,0.29291537404060364,0.6008073687553406
JPM,2017,0.33270397782325745,1.0515553951263428
JWN,2014,-0.21816223859786987,-0.24362295866012573
JWN,2015,0.023596886545419693,-0.4563237428665161
JWN,2016,0.0941254049539566,-0.4961487054824829
JWN,2017,0.014473874121904373,-0.4666987657546997
KEY,2014,0.2993478775024414,0.4172076880931854
KEY,2015,0.31635937094688416,0.2612127959728241
KEY,2016,-0.6278674006462097,0.27904653549194336
KEY,2017,-0.3751192092895508,0.4892086684703827
KHC,2016,0.3925498425960541,0.4686323404312134
KHC,2017,0.46269145607948303,0.08529700338840485
KIM,2014,-0.5897494554519653,0.5948392748832703
KIM,2015,-0.11351513862609863,0.9607735276222229
KIM,2016,0.3608192205429077,0.7062379121780396
KIM,2017,-0.19082212448120117,0.48595908284187317
KLAC,2014,-0.2554440498352051,0.29283812642097473
KLAC,2015,0.9446250796318054,0.191852405667305
KLAC,2016,-0.3666534423828125,-0.3882695436477661
KLAC,2017,0.35753652453422546,0.49107635021209717
KMB,2014,-0.32088208198547363,0.6206193566322327
KMB,2015,-0.0365220308303833,0.5911849737167358
KMB,2016,0.19483263790607452,0.49485692381858826
KMB,2017,0.7512574791908264,0.5856136679649353
KMI,2014,-0.5832830667495728,-0.4759487509727478
KMI,2015,0.49365994334220886,0.3738212585449219
KMI,2016,-0.015681743621826172,0.8690666556358337
KMI,2017,-0.6694625616073608,0.6983165740966797
KMX,2014,-0.4359637498855591,-0.42669057846069336
KMX,2015,0.02686997875571251,-0.18196529150009155
KMX,2016,0.18394361436367035,0.2930191457271576
KMX,2017,-0.26738178730010986,-0.3154448866844177
KORS,2014,-0.08746731281280518,-0.5274335741996765
KORS,2015,0.5946077704429626,-0.5922383069992065
KORS,2016,0.6485400199890137,-0.4914783239364624
KORS,2017,0.0398322232067585,-0.6910570859909058
KO,2014,-0.15255343914031982,0.07876604795455933
KO,2015,-0.3731786012649536,0.5757730007171631
KO,2016,-0.35005056858062744,0.3850685954093933
KO,2017,0.3485740125179291,1.0798509120941162
KR,2014,0.0675729513168335,0.4375703036785126
KR,2015,0.012519150972366333,0.2845107316970825
KR,2016,0.3052888810634613,0.1405739039182663
KR,2017,-0.031939029693603516,-0.594464898109436
KSS,2014,0.03309332951903343,0.33294928073883057
KSS,2015,-0.1146845817565918,-0.5602288842201233
KSS,2016,0.05046272650361061,-0.647897481918335
KSS,2017,0.11614854633808136,-0.5077031850814819
KSU,2014,0.538174033164978,-0.13845384120941162
KSU,2015,0.3254571259021759,-0.2582141160964966
KSU,2016,-0.05695188045501709,0.14485488831996918
KSU,2017,0.32272809743881226,0.4772457480430603
K,2014,-0.4120784401893616,-0.24395513534545898
K,2015,0.06710696220397949,0.5196780562400818
K,2016,-0.1644037961959839,-0.09264266490936279
K,2017,0.16254328191280365,0.37704622745513916
LB,2014,0.3112066686153412,0.6366094946861267
LB,2015,0.1696750968694687,0.6228441596031189
LB,2016,0.33356377482414246,-0.11765086650848389
LB,2017,-0.09816288948059082,-0.49204665422439575
LEG,2014,0.20198675990104675,0.18068411946296692
LEG,2015,0.13954569399356842,-0.18373143672943115
LEG,2016,-0.06649816036224365,0.03643487021327019
LEG,2017,0.39277297258377075,-0.10645228624343872
LEN,2014,-0.5883510112762451,0.4864199757575989
LEN,2015,0.6231727600097656,0.4859256148338318
LEN,2016,-0.586234986782074,0.11357297003269196
LEN,2017,0.7471815347671509,0.5416924357414246
LH,2014,0.2530556619167328,-0.20992887020111084
LH,2015,0.3862241208553314,0.24294939637184143
LH,2016,0.7006018757820129,0.25976818799972534
LH,2017,0.1212085634469986,-0.11043566465377808
LKQ,2014,0.3672827184200287,-0.25258946418762207
LKQ,2015,1.1607848405838013,-0.19465303421020508
LKQ,2016,0.6795694231987,0.20569868385791779
LKQ,2017,0.5612121224403381,0.4389955997467041
LLL,2014,-0.2795397639274597,-0.5600938200950623
LLL,2015,-0.2653392553329468,-0.09583026170730591
LLL,2016,-0.1341923475265503,0.09951838850975037
LLL,2017,0.029660489410161972,0.33639639616012573
LLY,2014,0.486235648393631,0.8204441666603088
LLY,2015,0.006838981062173843,-0.03890031576156616
LLY,2016,0.8818401098251343,0.30211034417152405
LLY,2017,-0.2137594223022461,-0.02033841609954834
LMT,2014,0.5942944288253784,0.8346596956253052
LMT,2015,-0.22176861763000488,0.6751061081886292
LMT,2016,-0.0454520583152771,-0.18552768230438232
LMT,2017,0.6270120739936829,0.5298224091529846
LNC,2014,0.22855569422245026,1.046229362487793
LNC,2015,-0.16111516952514648,0.9185057282447815
LNC,2016,-0.037448883056640625,0.5324786305427551
LNC,2017,-0.10589051246643066,1.1432751417160034
LNT,2014,0.3402555286884308,0.8957593441009521
LNT,2015,-0.22854411602020264,0.5159935355186462
LNT,2016,-0.28426074981689453,0.017081547528505325
LNT,2017,0.7011545896530151,0.4014430046081543
LOW,2014,-0.42608755826950073,0.21868830919265747
LOW,2015,0.018691498786211014,0.7360931038856506
LOW,2016,-0.1865430474281311,0.014791350811719894
LOW,2017,-0.2876861095428467,-0.022468626499176025
LRCX,2014,-0.18863296508789062,-0.1656637191772461
LRCX,2015,1.1325801610946655,0.002294134348630905
LRCX,2016,-0.20371955633163452,0.26694589853286743
LRCX,2017,0.19039304554462433,0.29471755027770996
LUK,2014,0.07596224546432495,0.1463414579629898
LUK,2015,-0.5007262825965881,0.2888024151325226
LUK,2016,0.24583198130130768,0.6254457235336304
LUK,2017,-0.1683417558670044,0.7958512306213379
LUV,2014,-0.2149745225906372,0.5836323499679565
LUV,2015,0.5146312117576599,0.2101844996213913
LUV,2016,-0.4393889904022217,-0.07803362607955933
LUV,2017,0.01577097550034523,0.32801946997642517
LYB,2014,-0.14848238229751587,0.6105740666389465
LYB,2015,-0.19116389751434326,0.9990770220756531
LYB,2016,0.048693735152482986,0.5519985556602478
LYB,2017,-0.2870509624481201,0.493086576461792
L,2014,0.008801821619272232,0.19489151239395142
L,2015,-0.07955211400985718,0.415683388710022
L,2016,-0.09570044279098511,0.33505797386169434
L,2017,-0.07840996980667114,0.953170120716095
MAA,2014,-0.6628131866455078,0.32360053062438965
MAA,2015,-0.5174185037612915,0.41757386922836304
MAA,2016,-0.1293845772743225,-0.4105752110481262
MAA,2017,0.14289124310016632,0.4815986752510071
MAC,2014,0.3863423764705658,0.5986407399177551
MAC,2015,0.24845720827579498,-0.1489279866218567
MAC,2016,-0.11986476182937622,0.09972576797008514
MAC,2017,0.21723608672618866,0.053601689636707306
MAR,2014,0.36820730566978455,0.770006537437439
MAR,2015,-0.2143915891647339,0.22954972088336945
MAR,2016,-0.21336686611175537,-0.327237606048584
MAR,2017,0.1462363600730896,0.6199336647987366
MAS,2014,-0.2816411852836609,0.03736602142453194
MAS,2015,0.021358195692300797,0.5062582492828369
MAS,2016,0.33401691913604736,0.21526072919368744
MAS,2017,0.3554014563560486,0.4578428864479065
MAT,2014,0.08473743498325348,-0.4701700210571289
MAT,2015,0.48225727677345276,-0.2928659915924072
MAT,2016,0.9775264263153076,0.025502335280179977
MAT,2017,0.7715543508529663,-0.5288000106811523
MA,2014,0.5136792063713074,0.2628821134567261
MA,2015,-0.2249111533164978,0.5667870044708252
MA,2016,0.42083245515823364,0.17458593845367432
MA,2017,-0.0005431771278381348,0.6383823752403259
MCD,2014,-0.16542267799377441,0.4043530821800232
MCD,2015,0.1848120391368866,0.10458932816982269
MCD,2016,-0.3088647127151489,0.4447239637374878
MCD,2017,0.05507626011967659,0.11918094754219055
MCHP,2014,0.25427016615867615,0.03977394104003906
MCHP,2015,0.5213766098022461,-0.08872318267822266
MCHP,2016,-0.08017247915267944,-0.15254318714141846
MCHP,2017,0.5452513694763184,-0.07815682888031006
MCK,2014,0.06732657551765442,0.318392276763916
MCK,2015,-0.2764449715614319,0.4347236752510071
MCK,2016,0.2936963737010956,-0.4712265729904175
MCK,2017,0.8909215927124023,0.07997532188892365
MCO,2014,0.5057111978530884,0.6324402689933777
MCO,2015,0.37618008255958557,0.24595044553279877
MCO,2016,0.6797097325325012,0.41927820444107056
MCO,2017,-0.3158540725708008,0.40397706627845764
MDLZ,2014,-0.0056032538414001465,0.512147068977356
MDLZ,2015,-0.15216654539108276,0.3889060616493225
MDLZ,2016,0.616238534450531,0.5263051986694336
MDLZ,2017,-0.29331040382385254,0.2908051609992981
MDT,2014,0.6678627133369446,-0.1390228271484375
MDT,2015,0.13195869326591492,0.5846555233001709
MDT,2016,0.5299035310745239,0.4238123297691345
MDT,2017,0.06353411078453064,0.8725305199623108
MET,2014,0.1927306205034256,0.9013625979423523
MET,2015,-0.39668089151382446,0.9867823123931885
MET,2016,0.019321907311677933,-0.04877275228500366
MET,2017,0.4573591649532318,1.0217933654785156
MGM,2014,0.11580716073513031,0.3507242202758789
MGM,2015,-0.10227417945861816,-0.16016393899917603
MGM,2016,0.7939311861991882,0.475391685962677
MGM,2017,-0.43345755338668823,-0.5534406900405884
MHK,2014,-0.4064105153083801,0.04413488879799843
MHK,2015,0.19692207872867584,-0.039365947246551514
MHK,2016,0.18522115051746368,0.4192599654197693
MHK,2017,0.3865586817264557,0.07583414018154144
MKC,2014,0.7209906578063965,0.21780002117156982
MKC,2015,-0.11281037330627441,-0.04689973592758179
MKC,2016,-0.19329047203063965,0.08772128820419312
MKC,2017,-0.5951615571975708,0.16432850062847137
MLM,2014,-0.295979380607605,-0.6794715523719788
MLM,2015,0.5677069425582886,-0.11911773681640625
MLM,2016,1.0837090015411377,0.03782857581973076
MLM,2017,0.19051823019981384,0.21421249210834503
MMC,2014,-0.18098628520965576,0.5153733491897583
MMC,2015,-0.2564365267753601,0.7844598889350891
MMC,2016,-0.278045654296875,0.19823057949543
MMC,2017,-0.18425685167312622,0.795427143573761
MMM,2014,-0.37769681215286255,0.23497261106967926
MMM,2015,-0.1595631241798401,0.5263750553131104
MMM,2016,0.062323395162820816,0.9687783122062683
MMM,2017,-0.4540354013442993,0.1707509160041809
MNST,2014,-0.6686356663703918,-0.33011603355407715
MNST,2015,0.3988616168498993,-0.43823230266571045
MNST,2016,0.4621190130710602,-0.2675800323486328
MNST,2017,0.22819088399410248,-0.0057070255279541016
MON,2014,0.1611277163028717,0.5092378258705139
MON,2015,-0.14562034606933594,-0.017246127128601074
MON,2016,-0.5678666830062866,-0.2093883752822876
MON,2017,0.8219573497772217,0.37476909160614014
MOS,2014,0.16560888290405273,0.8526397347450256
MOS,2015,-0.09116685390472412,0.5911150574684143
MOS,2016,-0.641693115234375,0.5189324021339417
MOS,2017,0.5616185069084167,0.3994832932949066
MO,2014,-0.38976186513900757,0.7331057786941528
MO,2015,-0.2739129662513733,0.8724083304405212
MO,2016,0.211605504155159,0.6219227910041809
MO,2017,-0.7111993432044983,-0.02073085308074951
MPC,2014,-0.03708958625793457,0.39532700181007385
MPC,2015,-0.09187555313110352,0.6775442957878113
MPC,2016,0.1004103422164917,0.613254725933075
MPC,2017,-0.017778635025024414,0.7193257808685303
MRK,2014,0.6306021213531494,0.856795608997345
MRK,2015,-0.1735166311264038,0.5660120248794556
MRK,2016,-0.755264401435852,0.137559711933136
MRK,2017,0.06462153792381287,0.24183358252048492
MRO,2014,-0.013942480087280273,1.0394257307052612
MRO,2015,-0.20874840021133423,0.6512346267700195
MRO,2016,1.0946465730667114,0.07670249044895172
MRO,2017,0.03989330306649208,0.758431613445282
MSFT,2014,-0.6596929430961609,0.07147996127605438
MSFT,2015,0.4154619872570038,-0.07298928499221802
MSFT,2016,-0.2393919825553894,0.1834566295146942
MSFT,2017,0.176377534866333,0.605712354183197
MSI,2014,-0.34711045026779175,-0.38846808671951294
MSI,2015,0.16098275780677795,-0.609221339225769
MSI,2016,0.38132229447364807,-0.19009286165237427
MSI,2017,-0.060871422290802,-0.1290522813796997
MS,2014,-0.4050164222717285,0.4703749418258667
MS,2015,-0.3819587826728821,0.7498599886894226
MS,2016,0.10887385904788971,0.6397349238395691
MS,2017,0.012020010501146317,0.9523170590400696
MTB,2014,0.3877052366733551,1.029189944267273
MTB,2015,-0.6147619485855103,-0.06785976886749268
MTB,2016,-0.19000542163848877,0.5988867878913879
MTB,2017,-0.0847700834274292,0.5776697993278503
MTD,2014,-0.06407314538955688,0.6547366380691528
MTD,2015,0.285089910030365,0.5384025573730469
MTD,2016,-0.7550985813140869,-0.10530632734298706
MTD,2017,0.11591999232769012,0.14864009618759155
MU,2014,0.19474706053733826,0.1618925929069519
MU,2015,-0.04554527997970581,0.08228564262390137
MU,2016,0.14558890461921692,0.34748977422714233
MU,2017,0.18266217410564423,0.0925963819026947
MYL,2014,-0.0019930601119995117,-0.271264910697937
MYL,2015,0.02412441000342369,-0.4594745635986328
MYL,2016,-0.04693102836608887,0.05553904548287392
MYL,2017,-0.08794575929641724,-0.47969120740890503
M,2014,-0.2393844723701477,-0.14613419771194458
M,2015,-0.2350296974182129,-0.409987211227417
M,2016,-0.29713618755340576,-0.40989720821380615
M,2017,0.3751097321510315,-0.6130346059799194
NAVI,2015,0.2718198895454407,0.10918474197387695
NAVI,2016,0.3503880202770233,0.513586699962616
NAVI,2017,0.07237298786640167,-0.014588356018066406
NBL,2014,-0.3230602741241455,0.31961530447006226
NBL,2015,0.4224863350391388,0.20342610776424408
NBL,2016,-0.3603399991989136,0.9003722667694092
NBL,2017,0.15537294745445251,0.38004130125045776
NCLH,2014,-0.208459734916687,-0.6074004769325256
NCLH,2015,-0.01637589931488037,-0.5469017624855042
NCLH,2016,-0.2025355100631714,-0.28715813159942627
NCLH,2017,-0.2758724093437195,-0.5242037773132324
NDAQ,2014,0.17096967995166779,0.6014569997787476
NDAQ,2015,-0.6098222732543945,0.1740603893995285
NDAQ,2016,0.25721126794815063,0.8140242695808411
NDAQ,2017,0.3326064348220825,0.5363301634788513
NEE,2014,-0.24482107162475586,0.7714778780937195
NEE,2015,-0.11944043636322021,0.6858064532279968
NEE,2016,-0.029396533966064453,0.5576997995376587
NEE,2017,0.20925869047641754,0.9660590291023254
NEM,2014,0.8613765239715576,0.6391995549201965
NEM,2015,0.039323482662439346,0.6114614605903625
NEM,2016,0.2994671165943146,0.9610114693641663
NEM,2017,0.4194042980670929,0.8300061225891113
NFLX,2014,0.2161455899477005,-0.3483618497848511
NFLX,2015,0.3906862735748291,-0.31478434801101685
NFLX,2016,-0.21732944250106812,-0.4225093722343445
NFLX,2017,-0.3110237121582031,-0.40389174222946167
NFX,2014,-0.025615930557250977,-0.09994077682495117
NFX,2015,0.39337465167045593,0.2095295786857605
NFX,2016,0.4510628879070282,0.001318957656621933
NFX,2017,0.28580477833747864,0.12356676161289215
NI,2014,-0.5901680588722229,0.35866236686706543
NI,2015,-0.615645706653595,0.6448253989219666
NI,2016,-0.33175408840179443,0.30148231983184814
NI,2017,-0.5164904594421387,0.019933786243200302
NKE,2014,-0.3367014527320862,-0.14037948846817017
NKE,2015,-0.06580722332000732,-0.4167206287384033
NKE,2016,-0.36916863918304443,0.23039256036281586
NKE,2017,-0.07134634256362915,-0.2308288812637329
NLSN,2014,0.16614942252635956,0.00031071528792381287
NLSN,2015,0.11692316830158234,0.24560411274433136
NLSN,2016,0.29090091586112976,-0.024724066257476807
NLSN,2017,0.3326968848705292,0.13192100822925568
NOC,2014,0.36504217982292175,0.9802161455154419
NOC,2015,0.04734918847680092,0.21758988499641418
NOC,2016,0.06803049147129059,0.562122642993927
NOC,2017,0.014963705092668533,0.24805770814418793
NOV,2014,-0.3195992708206177,0.5618180632591248
NOV,2015,0.1348361074924469,0.7145543694496155
NOV,2016,0.3894869387149811,-0.06494450569152832
NOV,2017,0.8399087190628052,0.8787872195243835
NRG,2014,0.20981009304523468,1.0394115447998047
NRG,2015,-0.05371987819671631,0.11494685709476471
NRG,2016,0.12601758539676666,0.7236335873603821
NRG,2017,-0.6353240013122559,-0.20981645584106445
NSC,2014,0.4753884971141815,0.4406644105911255
NSC,2015,0.19250713288784027,0.11554007232189178
NSC,2016,0.7395621538162231,0.35345447063446045
NSC,2017,0.17795749008655548,0.5181401968002319
NTAP,2014,-0.2844158411026001,0.22314453125
NTAP,2015,0.07805047929286957,-0.26172012090682983
NTAP,2016,-0.5401123762130737,-0.23624759912490845
NTAP,2017,-0.04824328422546387,-0.18499493598937988
NTRS,2014,0.8613299131393433,0.46464788913726807
NTRS,2015,-0.48381805419921875,0.43749791383743286
NTRS,2016,-0.020318031311035156,0.38168272376060486
NTRS,2017,-0.3927207589149475,0.013062734156847
NUE,2014,-0.44394171237945557,0.38155582547187805
NUE,2015,0.23355238139629364,0.6910432577133179
NUE,2016,0.25802117586135864,0.8456798791885376
NUE,2017,0.4531252980232239,0.5701594352722168
NVDA,2014,-0.1433696746826172,0.1970011442899704
NVDA,2015,-0.14307737350463867,-0.22913390398025513
NVDA,2016,0.1778053194284439,-0.3452610373497009
NVDA,2017,0.5394135117530823,0.10702165961265564
NWL,2014,0.10759563744068146,0.09849904477596283
NWL,2015,0.16198240220546722,0.04892506077885628
NWL,2016,-0.08966630697250366,0.25898948311805725
NWL,2017,0.1548701524734497,-0.5272561311721802
NWSA,2014,-0.3872854709625244,-0.10583579540252686
NWSA,2015,-0.6448541879653931,0.07423035800457001
NWSA,2016,0.22216109931468964,0.6073806881904602
NWSA,2017,0.4485563337802887,0.4206249415874481
NWS,2014,-0.026903629302978516,-0.12593293190002441
NWS,2015,-0.6980023384094238,-0.2504976987838745
NWS,2016,-0.4289243817329407,-0.3420770764350891
NWS,2017,0.5840955972671509,-0.2814950942993164
OKE,2014,0.46599456667900085,0.3706364631652832
OKE,2015,0.4696051776409149,0.433101624250412
OKE,2016,0.45568129420280457,0.9114766716957092
OKE,2017,-0.2428830862045288,-0.5620653033256531
OMC,2014,0.518878161907196,0.25952622294425964
OMC,2015,-0.08750885725021362,0.5416863560676575
OMC,2016,0.4252200722694397,0.38678407669067383
OMC,2017,-0.3660427927970886,0.25013041496276855
ORCL,2014,-0.37368160486221313,-0.3373938202857971
ORCL,2015,0.37389105558395386,0.2122069001197815
ORCL,2016,-0.24405640363693237,-0.145388662815094
ORCL,2017,0.049021992832422256,-0.5175169110298157
ORLY,2014,0.2542494833469391,0.09631003439426422
ORLY,2015,-0.06748533248901367,-0.09240317344665527
ORLY,2016,-0.031729698181152344,-0.07854485511779785
ORLY,2017,-0.4235761761665344,-0.4703354835510254
OXY,2014,0.6664061546325684,0.9947678446769714
OXY,2015,-0.057178378105163574,1.0458831787109375
OXY,2016,-0.06329268217086792,1.0445212125778198
OXY,2017,0.26922154426574707,1.3124785423278809
O,2014,0.5084273219108582,0.6975671052932739
O,2015,0.9592336416244507,-0.12323641777038574
O,2016,0.22286109626293182,0.35919269919395447
O,2017,0.23323507606983185,0.07342404127120972
PAYX,2014,-0.26231539249420166,0.5288372039794922
PAYX,2015,-0.03135472536087036,0.8424453139305115
PAYX,2016,-0.01396852731704712,0.11016562581062317
PAYX,2017,-0.04008674621582031,0.08947674930095673
PBCT,2014,0.5990686416625977,0.07722584903240204
PBCT,2015,-0.07437586784362793,0.5283726453781128
PBCT,2016,-0.2171584963798523,0.2475692182779312
PBCT,2017,0.5351471304893494,0.4260474145412445
PCAR,2014,0.1979602575302124,0.21508640050888062
PCAR,2015,0.22839878499507904,0.34048712253570557
PCAR,2016,0.477546364068985,0.16393107175827026
PCAR,2017,0.160373717546463,0.1406463086605072
PCG,2014,-0.032972514629364014,0.025553066283464432
PCG,2015,-0.338905930519104,0.7721239924430847
PCG,2016,-0.05621713399887085,1.007552146911621
PCG,2017,0.03614446148276329,0.4799273908138275
PCLN,2014,0.05522826686501503,0.2401573807001114
PCLN,2015,0.1517966240644455,-0.09205853939056396
PCLN,2016,0.40245625376701355,-0.14147377014160156
PCLN,2017,0.13481806218624115,-0.5114705562591553
PDCO,2014,-0.053164541721343994,0.36960718035697937
PDCO,2015,-0.28678542375564575,-0.10331535339355469
PDCO,2016,0.5886827111244202,-0.035043299198150635
PDCO,2017,0.2769070565700531,-0.13917076587677002
PEG,2014,0.37404564023017883,0.8093764185905457
PEG,2015,-0.05227261781692505,1.2874963283538818
PEG,2016,0.2319823056459427,1.0989491939544678
PEG,2017,-0.1441190242767334,1.1116777658462524
PEP,2014,-0.2005123496055603,0.7038350701332092
PEP,2015,-0.5312935709953308,0.9539561867713928
PEP,2016,-0.35267341136932373,1.0241775512695312
PEP,2017,-0.42020678520202637,0.5825445652008057
PFE,2014,0.511528730392456,1.0848312377929688
PFE,2015,0.15516437590122223,0.760193943977356
PFE,2016,0.5700702667236328,0.24331513047218323
PFE,2017,-0.03634899854660034,0.8661094307899475
PFG,2014,0.19340072572231293,0.7929919362068176
PFG,2015,0.11044423282146454,0.543304443359375
PFG,2016,0.2643376886844635,0.5495370030403137
PFG,2017,0.1339365690946579,0.7911545038223267
PGR,2014,-0.20635604858398438,0.1809457689523697
PGR,2015,-0.5112338066101074,0.5672513246536255
PGR,2016,-0.0963670015335083,0.6588365435600281
PGR,2017,0.42383456230163574,0.3912520706653595
PG,2014,-0.3115650415420532,0.9659925103187561
PG,2015,-0.17015784978866577,0.7653255462646484
PG,2016,-0.5290716886520386,-0.19419896602630615
PG,2017,0.5623252987861633,0.47197479009628296
PHM,2014,-0.5167970061302185,0.5245943665504456
PHM,2015,0.6763440370559692,0.1761256903409958
PHM,2016,-0.03169894218444824,0.25994181632995605
PHM,2017,0.3980958163738251,0.5152884125709534
PH,2014,-0.6720293164253235,0.25804299116134644
PH,2015,-0.46944189071655273,-0.11623549461364746
PH,2016,0.35135388374328613,0.10630302131175995
PH,2017,0.10953570902347565,0.7296217679977417
PKG,2014,0.2980835735797882,-0.08583968877792358
PKG,2015,0.08073373138904572,-0.4486977458000183
PKG,2016,0.1798095852136612,0.5512209534645081
PKG,2017,-0.7242865562438965,-0.28665149211883545
PKI,2014,-0.37530517578125,0.21266163885593414
PKI,2015,0.8608654141426086,0.3496576249599457
PKI,2016,0.5742835998535156,-0.12658262252807617
PKI,2017,0.17360369861125946,0.14868395030498505
PLD,2014,0.03029986098408699,1.1238542795181274
PLD,2015,0.06282463669776917,0.930213987827301
PLD,2016,0.5136587619781494,1.0370147228240967
PLD,2017,0.1877153366804123,0.8550546765327454
PM,2014,-0.13226258754730225,0.7472261786460876
PM,2015,-0.11528897285461426,0.32436603307724
PM,2016,-0.05517613887786865,0.6120859980583191
PM,2017,-0.6161649823188782,0.24851565062999725
PNC,2014,-0.18797868490219116,0.40325701236724854
PNC,2015,0.04158094897866249,0.8213843107223511
PNC,2016,-0.0004502534866333008,0.8614372611045837
PNC,2017,0.7124991416931152,1.1522384881973267
PNR,2014,-0.4121347665786743,0.016920145601034164
PNR,2015,0.14772485196590424,0.49537399411201477
PNR,2016,0.02830839529633522,0.5202282071113586
PNR,2017,0.09416015446186066,0.4998024106025696
PNW,2014,0.47279372811317444,0.7513300180435181
PNW,2015,-0.18984651565551758,0.5512897372245789
PNW,2016,-0.11840224266052246,0.9147546887397766
PNW,2017,-0.24361103773117065,0.9194722771644592
PPG,2014,0.3601089417934418,0.8165027499198914
PPG,2015,-0.1703985333442688,0.71478670835495
PPG,2016,0.9281644821166992,0.5244944095611572
PPG,2017,0.026343729346990585,-0.026079654693603516
PPL,2014,-0.3052127957344055,0.8537323474884033
PPL,2015,0.3583419919013977,1.0908918380737305
PPL,2016,0.6950386166572571,0.9008333683013916
PPL,2017,0.09755459427833557,0.7393427491188049
PRGO,2014,-0.3440592288970947,-0.5350151658058167
PRGO,2015,0.048590172082185745,-0.46580177545547485
PRGO,2016,-0.2357017993927002,-0.546891450881958
PRGO,2017,-0.14226573705673218,-0.5935277938842773
PRU,2014,0.6093124747276306,0.8654319047927856
PRU,2015,-0.24502724409103394,0.7162116169929504
PRU,2016,0.6296239495277405,0.5870165228843689
PRU,2017,0.04095277562737465,0.7583943009376526
PSA,2014,-0.14402568340301514,1.0298923254013062
PSA,2015,-0.10164332389831543,0.7305716872215271
PSA,2016,0.01183013990521431,1.1126924753189087
PSA,2017,-0.48127758502960205,0.11261893808841705
PSX,2014,-0.25282275676727295,0.4833472967147827
PSX,2015,-0.2078729271888733,0.37825798988342285
PSX,2016,-0.06433171033859253,0.5056175589561462
PSX,2017,-0.09237122535705566,1.0076192617416382
PVH,2014,-0.364366352558136,-0.10579204559326172
PVH,2015,0.21089215576648712,-0.0943489670753479
PVH,2016,0.2278548926115036,-0.047169506549835205
PVH,2017,-0.2569083571434021,-0.20860743522644043
PWR,2014,0.12533552944660187,-0.06810486316680908
PWR,2015,-0.39482080936431885,-0.07333230972290039
PWR,2016,-0.08413761854171753,0.2579966187477112
PWR,2017,0.09109033644199371,0.4566216468811035
PXD,2014,0.14569994807243347,0.32285064458847046
PXD,2015,0.5988646149635315,0.9124361872673035
PXD,2016,0.6717138290405273,0.2022409588098526
PXD,2017,-0.5748238563537598,-0.1679968237876892
PX,2014,0.263794869184494,0.8001230359077454
PX,2015,0.3581208884716034,0.48928606510162354
PX,2016,-0.5148702263832092,0.14721797406673431
PX,2017,0.44817647337913513,0.8066674470901489
PYPL,2016,-0.4354909658432007,0.09735974669456482
PYPL,2017,0.3163725435733795,-0.1701640486717224
QCOM,2014,-0.24893450736999512,-0.10385090112686157
QCOM,2015,0.4286338686943054,-0.21913385391235352
QCOM,2016,-0.6352682113647461,0.17965669929981232
QCOM,2017,0.49151673913002014,-0.6211608648300171
QRVO,2015,-0.18789345026016235,-0.29311347007751465
QRVO,2016,-0.09841012954711914,-0.29919523000717163
QRVO,2017,0.6945182681083679,0.35112470388412476
RCL,2014,-0.12924206256866455,-0.2641185522079468
RCL,2015,0.3560437262058258,0.294523149728775
RCL,2016,0.35200396180152893,-0.21680867671966553
RCL,2017,1.0047777891159058,0.36758536100387573
REGN,2014,0.02806258574128151,-0.08392101526260376
REGN,2015,-0.610795259475708,0.5018236637115479
REGN,2016,0.26891541481018066,0.19096627831459045
REGN,2017,0.0689980685710907,0.26444265246391296
REG,2014,0.07252214848995209,0.9233625531196594
REG,2015,-0.19351845979690552,0.7442777752876282
REG,2016,-0.16480892896652222,-0.37616676092147827
REG,2017,0.8395103812217712,0.14842945337295532
RE,2014,-0.24915921688079834,0.5555619597434998
RE,2015,-0.17898666858673096,1.1727700233459473
RE,2016,0.8096947073936462,0.3343130052089691
RE,2017,0.19365334510803223,-0.20766103267669678
RF,2014,0.22379077970981598,0.6485381722450256
RF,2015,-0.190423846244812,0.42631250619888306
RF,2016,0.45300760865211487,0.7953963875770569
RF,2017,-0.08431345224380493,0.7301566004753113
RHI,2014,-0.10643887519836426,-0.03579521179199219
RHI,2015,0.11434710025787354,0.442123681306839
RHI,2016,-0.11591309309005737,-0.4706449508666992
RHI,2017,0.006551411002874374,0.23910881578922272
RHT,2014,-0.3712426424026489,-0.6034765243530273
RHT,2015,0.45811107754707336,-0.2777392864227295
RHT,2016,-0.25838804244995117,-0.22400224208831787
RHT,2017,0.19226814806461334,-0.4736253619194031
RJF,2014,-0.05823272466659546,0.2971333861351013
RJF,2015,-0.4073694348335266,0.2793940603733063
RJF,2016,0.5075049996376038,0.5427420139312744
RJF,2017,0.16626140475273132,-0.00037801265716552734
RL,2014,0.467886358499527,0.016027633100748062
RL,2015,0.2109283059835434,-0.5536285042762756
RL,2016,0.3192846477031708,-0.5497957468032837
RL,2017,0.25291329622268677,-0.45895177125930786
RMD,2014,0.2965833246707916,-0.021045207977294922
RMD,2015,0.8404427170753479,-0.32528865337371826
RMD,2016,0.15308724343776703,-0.057410478591918945
RMD,2017,-0.39644187688827515,-0.6927112936973572
ROK,2014,-0.5037550926208496,0.1995408982038498
ROK,2015,0.7250771522521973,0.48632341623306274
ROK,2016,-0.007807910442352295,-0.009634971618652344
ROK,2017,0.18877868354320526,-0.04095941781997681
ROP,2014,-0.40966904163360596,0.30075863003730774
ROP,2015,-0.5188305377960205,0.3952716588973999
ROP,2016,-0.33722972869873047,-0.518260657787323
ROP,2017,0.3940920829772949,0.36896181106567383
ROST,2014,-0.16911053657531738,0.07582657039165497
ROST,2015,-0.3237178921699524,-0.2274591326713562
ROST,2016,0.13914787769317627,0.1128290593624115
ROST,2017,-0.10286837816238403,-0.13011378049850464
RRC,2014,0.08961232006549835,0.4942420721054077
RRC,2015,-0.10898411273956299,0.6696950793266296
RRC,2016,-0.30699437856674194,-0.11506450176239014
RRC,2017,-0.46663981676101685,0.34944838285446167
RSG,2014,-0.051859259605407715,0.10072880983352661
RSG,2015,0.01623060181736946,0.5591958165168762
RSG,2016,0.431723415851593,0.8479185104370117
RSG,2017,0.3463119864463806,0.8429683446884155
RTN,2014,0.40052300691604614,0.8044570684432983
RTN,2015,-0.2973668575286865,0.46926379203796387
RTN,2016,-0.0962403416633606,0.026364393532276154
RTN,2017,0.04356807842850685,0.2981574535369873
SBAC,2014,0.38627365231513977,0.24750618636608124
SBAC,2015,0.3638264536857605,0.4359373450279236
SBAC,2016,0.49415209889411926,0.36757931113243103
SBAC,2017,-0.6330538988113403,-0.4510219097137451
SBUX,2014,-0.05118376016616821,0.5480717420578003
SBUX,2015,-0.18538504838943481,0.2555379271507263
SBUX,2016,0.28592512011528015,0.2192964255809784
SBUX,2017,-0.41253578662872314,-0.2277529239654541
SCG,2014,-0.051740825176239014,0.9068998694419861
SCG,2015,-0.07501727342605591,1.0252301692962646
SCG,2016,-0.07740092277526855,0.6450268030166626
SCG,2017,-0.16057300567626953,0.025403037667274475
SCHW,2014,0.5802148580551147,0.7789525985717773
SCHW,2015,-0.16670894622802734,0.6234520077705383
SCHW,2016,0.4278055727481842,0.6217987537384033
SCHW,2017,0.11083854734897614,0.6332149505615234
SEE,2014,0.013760056346654892,-0.27870655059814453
SEE,2015,0.23581074178218842,0.2940129041671753
SEE,2016,0.21969614923000336,0.21942175924777985
SEE,2017,0.15042774379253387,-0.06850337982177734
SHW,2014,-0.0115584135055542,0.5166966319084167
SHW,2015,-0.5957125425338745,-0.22097378969192505
SHW,2016,-0.11280471086502075,-0.42245686054229736
SHW,2017,-0.21106112003326416,-0.2729024291038513
SIG,2014,0.19912078976631165,-0.5304611921310425
SIG,2015,-0.6171033382415771,-0.46020442247390747
SIG,2016,-0.08913993835449219,-0.6607285737991333
SIG,2017,0.03727506473660469,-0.688279390335083
SJM,2014,0.6111029982566833,0.551842212677002
SJM,2015,0.1185077577829361,-0.5428959131240845
SJM,2016,-0.47896307706832886,-0.19972026348114014
SJM,2017,-0.29062050580978394,-0.22127872705459595
SLB,2014,0.5529235005378723,1.069154977798462
SLB,2015,-0.6785727143287659,0.1231377124786377
SLB,2016,0.13681231439113617,0.9654952883720398
SLB,2017,0.16293103992938995,1.2596969604492188
SLG,2014,0.01843889430165291,0.7829256653785706
SLG,2015,0.38129302859306335,0.43738609552383423
SLG,2016,0.3631818890571594,0.3592548966407776
SLG,2017,-0.3068397641181946,0.674174964427948
SNA,2014,0.0540345273911953,0.13968141376972198
SNA,2015,-0.3153226971626282,-0.014162003993988037
SNA,2016,0.5190761685371399,0.16170547902584076
SNA,2017,0.27330511808395386,-0.23257315158843994
SNI,2014,-0.14862263202667236,0.19635720551013947
SNI,2015,-0.23606985807418823,0.36842724680900574
SNI,2016,-0.2703056335449219,0.0723804235458374
SNI,2017,-0.4534982442855835,-0.605364978313446
SNPS,2014,-0.2949483394622803,0.3251418173313141
SNPS,2015,0.6749308109283447,0.45980119705200195
SNPS,2016,0.519351065158844,0.8380794525146484
SNPS,2017,1.1670726537704468,-0.4134044647216797
SO,2014,-0.09191042184829712,0.8253652453422546
SO,2015,-0.47988462448120117,0.7844770550727844
SO,2016,-0.24852848052978516,0.05513886362314224
SO,2017,-0.1737680435180664,1.169273018836975
SPGI,2014,-0.2503877878189087,0.6641258597373962
SPGI,2015,-0.1811339259147644,0.5463672876358032
SPGI,2016,0.6570224761962891,0.6006141901016235
SPGI,2017,-0.1475490927696228,0.7157208323478699
SPG,2014,-0.2237025499343872,0.993137538433075
SPG,2015,-0.4245868921279907,0.9858693480491638
SPG,2016,0.5661754608154297,0.532049298286438
SPG,2017,-0.1369720697402954,0.8095322251319885
SRCL,2014,0.0776263177394867,0.44447994232177734
SRCL,2015,-0.11689788103103638,-0.2934577465057373
SRCL,2016,-0.422105610370636,-0.6362589597702026
SRCL,2017,0.2495374232530594,-0.33030974864959717
SRE,2014,-0.23329591751098633,0.6069157123565674
SRE,2015,0.3416382968425751,0.5630621910095215
SRE,2016,-0.38631319999694824,0.11995552480220795
SRE,2017,0.35416698455810547,0.7501316070556641
STI,2014,-0.09294039011001587,0.8834185004234314
STI,2015,-0.022089123725891113,0.9817309975624084
STI,2016,0.15386717021465302,1.00734281539917
STI,2017,0.5699877142906189,1.0614416599273682
STT,2014,-0.30050188302993774,0.44278013706207275
STT,2015,0.02445543184876442,0.8433781266212463
STT,2016,-0.30699098110198975,0.5813812017440796
STT,2017,-0.284112811088562,0.5590057373046875
STX,2014,0.4258960783481598,0.30295467376708984
STX,2015,0.7908868789672852,0.27423688769340515
STX,2016,-0.36289286613464355,-0.4172532558441162
STX,2017,0.2667298913002014,-0.7252058982849121
STZ,2014,-0.004461407661437988,-0.5904936790466309
STZ,2015,-0.10442465543746948,0.1945064514875412
STZ,2016,0.690356969833374,0.3871927261352539
STZ,2017,1.1752816438674927,0.10663723945617676
SWKS,2014,-0.3450518846511841,-0.4362768530845642
SWKS,2015,0.48043206334114075,-0.15493661165237427
SWKS,2016,-0.5003130435943604,0.19751782715320587
SWKS,2017,0.5873941779136658,-0.0768883228302002
SWK,2014,-0.20355403423309326,0.03392641991376877
SWK,2015,-0.1099277138710022,0.2816053628921509
SWK,2016,0.36741873621940613,0.1754378080368042
SWK,2017,-0.3116300106048584,0.30425959825515747
SYF,2015,0.1249924749135971,-0.062274277210235596
SYF,2016,0.6286256313323975,0.19567441940307617
SYF,2017,0.26050469279289246,0.5263088941574097
SYK,2014,-0.08867031335830688,0.113154336810112
SYK,2015,-0.20441412925720215,0.44777271151542664
SYK,2016,0.06572207808494568,-0.18254679441452026
SYK,2017,-0.31057560443878174,0.15964163839817047
SYMC,2014,0.6468703746795654,0.23024554550647736
SYMC,2015,-0.25315093994140625,0.35656309127807617
SYMC,2016,0.21808002889156342,-0.09478360414505005
SYMC,2017,0.1315596103668213,0.03705046698451042
SYY,2014,-0.23699617385864258,0.362654447555542
SYY,2015,-0.4948759078979492,-0.010671138763427734
SYY,2016,0.7312475442886353,-0.22782576084136963
SYY,2017,0.7640748023986816,0.3622356653213501
TAP,2014,-0.5184186697006226,-0.3113272190093994
TAP,2015,-0.22839748859405518,-0.6147823929786682
TAP,2016,-0.2890714406967163,-0.5641965866088867
TAP,2017,0.22100450098514557,0.17951424419879913
TDG,2014,-0.19713008403778076,0.005357574671506882
TDG,2015,0.29723551869392395,0.3564227819442749
TDG,2016,1.187736988067627,-0.35362935066223145
TDG,2017,0.21981720626354218,-0.3982594609260559
TEL,2014,-0.15441417694091797,0.005016643553972244
TEL,2015,0.14996379613876343,0.17409822344779968
TEL,2016,0.7209760546684265,0.8087807297706604
TEL,2017,-0.2801860570907593,0.5353888869285583
TGT,2014,0.21780912578105927,-0.2171170711517334
TGT,2015,-0.2588597536087036,-0.15668857097625732
TGT,2016,0.0792745053768158,-0.2282480001449585
TGT,2017,0.560188889503479,-0.5163472890853882
TIF,2014,-0.22063612937927246,-0.38815027475357056
TIF,2015,0.2181510180234909,-0.5344481468200684
TIF,2016,0.11926859617233276,-0.37715697288513184
TIF,2017,0.13918203115463257,0.061114054173231125
TJX,2014,-0.2906094193458557,-0.04018741846084595
TJX,2015,-0.24474060535430908,0.29887282848358154
TJX,2016,-0.2306397557258606,0.04927176609635353
TJX,2017,0.5002560019493103,0.5616047978401184
TMK,2014,0.2811431586742401,0.9745030999183655
TMK,2015,-0.5661404132843018,0.35636332631111145
TMK,2016,0.07105445861816406,0.6506168246269226
TMK,2017,0.348561555147171,1.1183624267578125
TMO,2014,0.40456485748291016,0.17152626812458038
TMO,2015,0.17612981796264648,0.6398298740386963
TMO,2016,-0.10145390033721924,0.821106493473053
TMO,2017,0.1645563691854477,0.01943887211382389
TPR,2014,0.46404924988746643,-0.34838205575942993
TPR,2015,0.07127059996128082,0.009470689110457897
TPR,2016,0.0798274576663971,0.1546410322189331
TPR,2017,-0.4202200770378113,-0.4614177942276001
TRIP,2014,-0.26313304901123047,-0.4987536668777466
TRIP,2015,0.6304774284362793,-0.6796958446502686
TRIP,2016,0.0642227828502655,-0.4872633218765259
TRIP,2017,0.0649871677160263,-0.600561797618866
TROW,2014,0.4005093574523926,0.8566132187843323
TROW,2015,-0.15655016899108887,0.6653996706008911
TROW,2016,0.29276493191719055,0.27111369371414185
TROW,2017,0.012279313057661057,-0.05920666456222534
TRV,2014,-0.49306243658065796,0.5346351265907288
TRV,2015,-0.10650992393493652,0.43914681673049927
TRV,2016,0.18413527309894562,0.34976011514663696
TRV,2017,-0.29047465324401855,0.644851565361023
TSCO,2014,-0.03632539510726929,-0.614251434803009
TSCO,2015,0.09670461714267731,0.4055454432964325
TSCO,2016,-0.5272993445396423,-0.5582765340805054
TSCO,2017,-0.1715996265411377,-0.1883496642112732
TSN,2014,-0.6036335229873657,-0.21060699224472046
TSN,2015,-0.46346503496170044,-0.24055004119873047
TSN,2016,0.1377566009759903,-0.10884368419647217
TSN,2017,0.24074281752109528,0.10823513567447662
TSS,2014,0.47417375445365906,0.34665173292160034
TSS,2015,0.1718788594007492,-0.5035980939865112
TSS,2016,-0.013775885105133057,-0.14211773872375488
TSS,2017,0.10832193493843079,0.07784444093704224
TWX,2014,-0.6434725522994995,-0.23549878597259521
TWX,2015,-0.5484426021575928,-0.15309762954711914
TWX,2016,0.657747209072113,-0.15892928838729858
TWX,2017,0.8296223878860474,0.03369488939642906
TXN,2014,0.47280874848365784,0.1754775494337082
TXN,2015,0.06390857696533203,0.30463719367980957
TXN,2016,-0.6020099520683289,0.37010467052459717
TXN,2017,-0.020904719829559326,0.6593890190124512
TXT,2014,0.9120568037033081,0.32735675573349
TXT,2015,-0.14432090520858765,0.2688940763473511
TXT,2016,0.09273608028888702,-0.14741718769073486
TXT,2017,0.6595550775527954,-0.07048970460891724
T,2014,-0.4404348134994507,-0.003350496292114258
T,2015,-0.22784852981567383,0.5182346701622009
T,2016,0.2597081959247589,0.6860864758491516
T,2017,-0.4401199221611023,0.761080801486969
UAA,2014,0.28889545798301697,-0.6812418103218079
UAA,2015,0.3543541133403778,-0.4031057357788086
UAA,2016,0.045491885393857956,-0.4664762616157532
UAA,2017,0.2520175874233246,-0.6410415172576904
UAL,2014,-0.17460572719573975,-0.03426384925842285
UAL,2015,-0.7137701511383057,-0.13960951566696167
UAL,2016,0.06551919877529144,0.26787132024765015
UAL,2017,0.23640979826450348,-0.23685681819915771
UA,2017,1.1228276491165161,-0.35027015209198
UDR,2014,-0.03504902124404907,0.8964434266090393
UDR,2015,0.09525597095489502,0.6632116436958313
UDR,2016,0.06335432827472687,0.3003062605857849
UDR,2017,0.3059857189655304,0.8602508902549744
UHS,2014,-0.749248743057251,-0.10849684476852417
UHS,2015,0.1507376879453659,-0.07829558849334717
UHS,2016,-0.2831134796142578,-0.08167910575866699
UHS,2017,-0.42192429304122925,-0.13507503271102905
ULTA,2014,-0.3660992980003357,-0.5791493654251099
ULTA,2015,0.5633932948112488,-0.48772794008255005
ULTA,2016,-0.09727197885513306,-0.6947808861732483
ULTA,2017,-0.03162086009979248,-0.5903220176696777
UNH,2014,0.2953816056251526,0.6098567843437195
UNH,2015,0.34723880887031555,0.4812033474445343
UNH,2016,0.013051334768533707,0.5803676247596741
UNH,2017,0.2754264175891876,0.5692786574363708
UNM,2014,-0.07853007316589355,0.8053988218307495
UNM,2015,-0.5369101762771606,0.5317366719245911
UNM,2016,0.40983569622039795,0.5598434209823608
UNM,2017,-0.0048285722732543945,1.1980406045913696
UNP,2014,0.416476845741272,1.208568811416626
UNP,2015,-0.15440654754638672,0.7152937054634094
UNP,2016,0.7278304696083069,0.3670527935028076
UNP,2017,0.20651692152023315,0.3289085030555725
UPS,2014,-0.3843548893928528,0.4891413152217865
UPS,2015,0.22827409207820892,0.35812968015670776
UPS,2016,0.08131249248981476,0.973652184009552
UPS,2017,-0.1628967523574829,0.23498807847499847
URI,2014,-0.6413284540176392,-0.3516145944595337
URI,2015,-0.2211030125617981,-0.3136705756187439
URI,2016,0.13357512652873993,-0.6030120253562927
URI,2017,0.30634805560112,0.16181060671806335
USB,2014,0.32052770256996155,1.16127610206604
USB,2015,-0.6782037019729614,0.4704926013946533
USB,2016,0.06804703176021576,1.0562697649002075
USB,2017,0.27836233377456665,1.2858893871307373
UTX,2014,-0.022810637950897217,0.3705332279205322
UTX,2015,-0.5370505452156067,0.5912687182426453
UTX,2016,0.1871597021818161,0.48731106519699097
UTX,2017,-0.4572829008102417,0.22305643558502197
VAR,2014,-0.20801496505737305,0.03636472299695015
VAR,2015,0.3823813796043396,-0.16608363389968872
VAR,2016,0.002245817333459854,-0.28194522857666016
VAR,2017,0.6641990542411804,0.09284402430057526
VFC,2014,0.17786696553230286,0.46843820810317993
VFC,2015,1.1130409240722656,0.1733454316854477
VFC,2016,0.02661259099841118,-0.08787775039672852
VFC,2017,0.20111659169197083,0.45627063512802124
VIAB,2014,-0.28834307193756104,0.6868188977241516
VIAB,2015,-0.629572868347168,-0.11532890796661377
VIAB,2016,0.4862058460712433,-0.2521771192550659
VIAB,2017,-0.19576263427734375,-0.4380187392234802
VLO,2014,0.08121313154697418,0.8688545823097229
VLO,2015,0.11427010595798492,1.1748197078704834
VLO,2016,0.05367453768849373,0.7921185493469238
VLO,2017,0.09360215067863464,1.0338659286499023
VMC,2014,0.5148974657058716,0.7997139692306519
VMC,2015,0.026858139783143997,0.6254492402076721
VMC,2016,-0.05299347639083862,-0.1160464882850647
VMC,2017,-0.3862525224685669,0.14796508848667145
VNO,2014,-0.43972349166870117,0.9223637580871582
VNO,2015,0.28192004561424255,0.9023245573043823
VNO,2016,0.02331947162747383,0.5534951090812683
VNO,2017,-0.03953975439071655,0.904841423034668
VRSK,2014,0.048842284828424454,-0.08259916305541992
VRSK,2015,0.7179583311080933,-0.5480555295944214
VRSK,2016,-0.13885247707366943,0.2164565622806549
VRSK,2017,0.48667582869529724,-0.09638106822967529
VRSN,2014,-0.326803982257843,-0.3580460548400879
VRSN,2015,0.4618833363056183,-0.2804566025733948
VRSN,2016,-0.35681790113449097,-0.08322298526763916
VRSN,2017,0.4739789068698883,0.1827111542224884
VRTX,2014,-0.14565205574035645,-0.10214424133300781
VRTX,2015,0.19007788598537445,0.4284108877182007
VRTX,2016,-0.19901514053344727,0.05497806891798973
VRTX,2017,-0.5344381332397461,-0.3614436388015747
VTR,2014,-0.17482352256774902,0.49571460485458374
VTR,2015,0.5347031950950623,0.7125153541564941
VTR,2016,-0.009739279747009277,0.05754702910780907
VTR,2017,0.09862346947193146,1.0757595300674438
VZ,2014,0.4169626533985138,0.0940924733877182
VZ,2015,-0.08458775281906128,0.6373299956321716
VZ,2016,0.44930335879325867,1.128352403640747
VZ,2017,-0.34851980209350586,0.5352237820625305
V,2014,0.32199516892433167,-0.07050281763076782
V,2015,0.43812301754951477,0.03347233310341835
V,2016,0.9266257286071777,0.5765541791915894
V,2017,0.36200574040412903,0.21456561982631683
WAT,2014,-0.005114376544952393,-0.2411191463470459
WAT,2015,0.7410595417022705,0.4966614842414856
WAT,2016,0.163014754652977,-0.15088516473770142
WAT,2017,0.11132249236106873,-0.24821919202804565
WBA,2014,-0.6139025688171387,-0.37400591373443604
WBA,2015,0.7011014223098755,-0.23035192489624023
WBA,2016,0.19833441078662872,0.5558279156684875
WBA,2017,-0.11146926879882812,-0.11398965120315552
WDC,2014,-0.37943345308303833,0.35429367423057556
WDC,2015,-0.32319021224975586,-0.030680537223815918
WDC,2016,-0.24779468774795532,0.06317138671875
WDC,2017,0.33504757285118103,0.09732183814048767
WEC,2014,0.09943185746669769,0.7655764222145081
WEC,2015,0.41648367047309875,0.6323861479759216
WEC,2016,0.4630700647830963,0.9558448195457458
WEC,2017,-0.1998382806777954,0.970172107219696
WFC,2014,0.20821881294250488,0.6663759350776672
WFC,2015,-0.2328668236732483,0.826914370059967
WFC,2016,-0.017057061195373535,0.3410606384277344
WFC,2017,-0.22463124990463257,0.7461043000221252
WHR,2014,-0.17472058534622192,-0.45368635654449463
WHR,2015,0.22576256096363068,-0.19750934839248657
WHR,2016,0.4636726677417755,0.0798720270395279
WHR,2017,0.49934741854667664,-0.4543994069099426
WLTW,2016,0.19184669852256775,0.020690133795142174
WLTW,2017,0.5623649954795837,-0.045398831367492676
WMB,2014,0.3831997215747833,-0.14313387870788574
WMB,2015,-0.09825873374938965,-0.14321863651275635
WMB,2016,0.0067283995449543,-0.05664622783660889
WMB,2017,0.8575361371040344,0.8570795059204102
WMT,2014,0.04496094956994057,0.5686485767364502
WMT,2015,0.41662338376045227,0.04222208634018898
WMT,2016,-0.17071020603179932,0.24906913936138153
WMT,2017,0.4659724533557892,0.11107668280601501
WM,2014,-0.5043463706970215,-0.06914627552032471
WM,2015,0.28565385937690735,0.5164222121238708
WM,2016,0.07872231304645538,0.45265311002731323
WM,2017,0.056864622980356216,0.5912570357322693
WRK,2016,0.39877668023109436,0.2324581891298294
WRK,2017,0.613797128200531,0.7166557312011719
WU,2014,0.1887226551771164,0.3181481659412384
WU,2015,0.15656131505966187,-0.20992308855056763
WU,2016,-0.3970370292663574,0.3352416455745697
WU,2017,0.5159228444099426,0.05135130509734154
WYNN,2014,0.04235577955842018,0.11209435760974884
WYNN,2015,0.45415133237838745,0.014334943145513535
WYNN,2016,0.4612516462802887,0.08070193231105804
WYNN,2017,-0.3110573887825012,-0.06809890270233154
WYN,2014,0.6206648945808411,0.3753766119480133
WYN,2015,0.19352351129055023,-0.09583330154418945
WYN,2016,-0.06817835569381714,-0.18889307975769043
WYN,2017,0.1825253665447235,-0.40626680850982666
WY,2014,-0.7383162975311279,-0.08128345012664795
WY,2015,-0.06367647647857666,0.2852546274662018
WY,2016,-0.236963152885437,0.3280952572822571
WY,2017,-0.4927455186843872,0.292574942111969
XEC,2014,0.06633971631526947,0.6023526787757874
XEC,2015,0.3229140341281891,0.5567601919174194
XEC,2016,0.3791561722755432,0.38026124238967896
XEC,2017,-0.2848827838897705,0.6203692555427551
XEL,2014,-0.3174203634262085,0.7625278234481812
XEL,2015,0.18883681297302246,1.0951128005981445
XEL,2016,0.7283427715301514,0.8816500306129456
XEL,2017,0.07215078175067902,1.4113943576812744
XLNX,2014,-0.4481024742126465,-0.5538610219955444
XLNX,2015,0.07249239087104797,-0.12767034769058228
XLNX,2016,0.428810179233551,-0.13188081979751587
XLNX,2017,0.03777526691555977,0.15587231516838074
XL,2014,-0.32194411754608154,0.5781679749488831
XL,2015,0.7961252331733704,0.3743401765823364
XL,2016,-0.2952190637588501,0.2605549693107605
XL,2017,-0.20830869674682617,0.20679022371768951
XOM,2014,0.02225523069500923,1.1113028526306152
XOM,2015,-0.2507748603820801,0.9407067894935608
XOM,2016,-0.3200174570083618,0.8820903301239014
XOM,2017,0.3160504698753357,0.45909953117370605
XRAY,2014,0.05630742385983467,0.6572101712226868
XRAY,2015,-0.6449596881866455,0.16133059561252594
XRAY,2016,0.9405472278594971,0.08578230440616608
XRAY,2017,-0.029055655002593994,-0.04844033718109131
XRX,2014,0.5774178504943848,0.4699528217315674
XRX,2015,0.2826603651046753,0.1944362372159958
XRX,2016,0.029939737170934677,-0.20466136932373047
XRX,2017,0.5063798427581787,-0.2246018648147583
XYL,2014,-0.05668133497238159,0.34279704093933105
XYL,2015,0.3018628656864166,0.8711451292037964
XYL,2016,0.48407039046287537,0.7199075222015381
XYL,2017,0.07851792871952057,0.5689741969108582
YUM,2014,-0.4036775827407837,-0.2844409942626953
YUM,2015,0.4024766683578491,-0.1834113597869873
YUM,2016,0.07261087000370026,-0.16225647926330566
YUM,2017,-0.02240145206451416,0.19730639457702637
ZBH,2014,0.27931076288223267,0.18653319776058197
ZBH,2015,0.5855478644371033,0.43135786056518555
ZBH,2016,0.14872466027736664,-0.24903947114944458
ZBH,2017,0.24226497113704681,-0.01673179864883423
ZION,2014,-0.2741625905036926,-0.3572227954864502
ZION,2015,0.33099374175071716,0.08223357796669006
ZION,2016,-0.0502130389213562,0.6265799403190613
ZION,2017,-0.08496743440628052,0.6571708917617798
ZTS,2014,0.8336746096611023,-0.08981192111968994
ZTS,2015,0.3034011721611023,0.13671940565109253
ZTS,2016,-0.18441474437713623,0.6007036566734314
ZTS,2017,0.28360655903816223,0.047178346663713455
